1000 9869
975 906
104 115
600 920
252 411
53 166
310 575
920 907
385 660
631 409
298 95
427 369
601 269
214 91
588 736
612 122
657 483
617 452
375 460
65 154
621 389
179 398
606 491
290 781
406 37
4 35
9 883
673 308
273 551
653 795
122 63
654 12
412 655
878 622
19 535
847 741
848 589
641 876
624 996
198 11
933 460
490 506
442 553
364 701
305 855
306 232
733 271
421 649
151 496
407 874
69 135
788 971
382 214
454 323
628 650
370 646
187 452
634 295
620 790
982 853
732 888
959 795
418 752
55 197
899 355
349 296
166 806
408 262
335 885
690 420
196 429
824 910
55 122
277 44
281 169
279 626
712 835
31 509
591 213
793 6
816 225
135 83
724 188
676 885
953 456
333 86
232 375
589 357
862 811
920 46
686 533
859 35
661 217
95 637
977 92
971 570
446 120
262 589
349 305
612 399
868 17
925 502
326 527
358 12
132 190
651 491
227 248
826 543
356 476
450 777
640 761
532 319
7 737
973 603
42 207
540 834
146 161
809 871
44 980
100 936
34 491
784 547
409 943
970 306
588 965
862 252
299 978
504 928
502 255
286 824
135 717
282 131
969 331
640 805
260 606
874 584
179 934
788 888
738 139
442 444
136 979
239 591
934 613
960 588
819 743
349 268
791 341
872 566
62 947
504 459
253 208
992 96
828 734
465 416
177 500
146 893
457 580
813 159
780 808
724 996
418 105
896 326
780 790
836 87
402 693
149 344
578 657
245 783
985 548
747 709
863 975
497 194
906 244
1000 231
910 532
128 348
4 679
423 669
66 488
138 813
17 564
492 466
240 443
682 814
574 784
721 204
1000 389
599 167
252 306
327 416
531 44
165 214
826 752
80 498
133 264
891 986
798 634
948 131
623 515
402 283
151 884
152 782
852 999
501 255
330 969
881 940
43 380
145 468
258 237
994 35
633 865
372 448
175 336
970 8
240 805
776 449
880 4
496 526
560 659
387 689
597 728
67 933
305 1000
268 244
741 941
409 58
624 409
755 705
349 272
576 476
483 770
927 105
768 750
71 807
645 980
17 443
101 288
319 505
215 312
473 568
456 217
478 974
765 138
430 685
897 168
846 117
599 775
307 703
548 455
405 994
299 35
111 175
926 92
490 368
156 385
369 475
980 985
251 987
587 933
713 738
789 701
1000 82
319 770
603 159
952 405
626 20
221 784
518 420
553 631
492 325
82 927
170 449
632 748
619 754
835 433
817 878
732 567
161 642
345 93
933 868
131 310
374 208
984 16
56 279
791 763
961 20
140 399
808 353
882 558
982 940
523 954
950 757
322 601
342 668
607 128
278 244
523 334
250 311
468 226
876 167
219 684
364 339
438 974
856 929
757 164
79 968
399 810
951 361
267 306
399 977
98 722
67 897
983 663
585 220
141 341
126 188
115 909
885 177
176 775
659 946
777 164
241 871
811 671
499 411
15 179
451 284
72 199
662 170
172 98
376 829
799 7
604 125
664 739
388 666
929 426
340 847
181 333
312 404
261 293
199 259
379 332
111 621
43 245
449 702
509 690
938 113
618 754
301 710
911 189
384 702
170 131
891 311
618 517
985 318
52 99
248 974
337 515
925 386
708 534
765 579
307 855
402 65
187 829
517 475
108 588
598 45
800 980
367 281
606 488
881 223
844 421
187 938
460 478
843 820
969 588
146 28
329 493
915 370
446 616
784 599
801 623
344 238
342 585
683 527
299 774
619 384
268 463
417 899
607 228
420 18
666 726
294 575
64 795
602 996
966 13
504 692
679 680
980 153
49 329
505 383
306 376
219 569
572 99
373 304
987 572
783 879
236 520
98 617
318 782
210 111
486 192
489 188
810 145
127 758
370 617
565 266
185 456
48 237
125 429
909 534
672 246
671 44
162 492
129 157
831 426
31 423
713 463
988 855
493 399
871 554
163 635
996 201
263 460
269 179
471 297
487 636
292 554
151 687
775 433
797 409
289 162
473 445
718 930
129 601
829 552
96 660
245 991
946 599
873 589
568 157
198 424
661 34
982 646
799 950
415 953
190 655
679 264
425 109
647 814
200 240
47 162
583 940
325 972
770 587
631 928
943 100
17 36
700 383
94 26
577 492
9 584
486 672
715 346
899 19
938 567
266 668
127 39
572 144
847 286
150 122
191 772
303 584
879 937
899 305
131 859
975 122
390 708
28 753
196 371
508 573
70 348
918 238
324 223
586 822
568 789
980 514
358 426
345 889
343 450
145 853
497 534
370 284
975 265
903 28
51 907
121 141
849 330
613 305
405 860
525 635
743 508
882 274
578 571
155 790
101 126
195 505
957 488
592 643
497 193
315 944
929 188
315 801
156 363
484 936
865 943
934 393
518 328
422 125
170 490
8 385
959 814
262 522
526 296
696 110
808 616
186 784
317 506
925 763
387 942
394 869
769 791
330 871
312 742
522 633
910 192
169 76
813 907
555 158
273 158
324 631
1000 26
562 284
781 254
361 613
472 266
754 672
277 431
740 915
83 496
395 796
785 148
254 331
727 770
520 967
520 998
745 664
437 283
762 393
671 817
488 542
250 613
732 801
239 467
116 14
318 966
139 304
656 421
401 396
306 610
182 177
555 681
811 707
561 24
484 441
414 452
917 51
498 333
426 510
278 631
484 264
68 79
931 331
589 347
592 577
718 1
920 248
651 390
708 127
232 176
450 283
570 120
682 141
578 543
6 28
262 938
321 494
746 345
547 776
346 75
384 804
313 130
920 918
578 654
66 346
398 261
169 579
759 354
636 495
104 168
674 780
413 344
860 743
476 940
721 303
778 318
17 672
750 210
476 835
222 363
887 79
174 526
726 75
189 211
961 122
464 574
249 440
70 830
844 273
939 559
729 119
783 548
420 872
630 177
819 98
553 50
771 391
187 732
297 268
960 476
597 921
304 528
947 198
54 620
919 116
478 476
260 535
546 780
304 495
468 338
287 254
51 847
400 914
735 764
331 746
595 297
334 319
196 292
842 242
827 138
758 610
166 824
116 499
786 23
651 472
173 20
729 604
625 851
76 801
955 46
645 934
426 688
121 396
698 812
453 437
556 362
171 652
79 271
802 806
486 263
380 798
608 121
275 666
408 121
251 555
603 642
650 453
780 576
413 105
717 411
129 850
453 777
260 371
812 320
869 433
157 21
416 145
548 730
259 866
403 397
702 275
872 122
691 990
618 514
982 227
802 349
55 366
9 919
411 775
198 589
570 592
517 55
131 388
294 112
721 420
956 744
333 935
231 412
17 430
130 711
353 502
248 540
835 714
250 118
326 451
329 381
19 537
539 222
813 979
835 859
126 620
934 925
258 210
557 222
491 174
112 345
258 69
120 820
268 46
607 389
679 824
645 760
831 785
67 636
235 306
608 840
611 559
961 846
839 711
163 62
241 770
827 7
187 164
797 931
840 154
107 653
650 438
205 312
341 712
784 321
659 687
272 629
771 605
561 177
484 192
620 724
698 497
481 450
982 601
906 79
574 516
733 516
129 958
739 731
318 474
565 891
142 676
401 542
275 5
816 815
303 467
584 347
401 431
973 375
939 171
243 550
445 830
66 53
801 206
858 9
87 489
437 650
165 828
553 590
517 43
494 580
961 433
225 1
622 832
200 945
165 129
957 165
446 698
286 943
69 549
457 323
357 516
944 859
373 991
299 980
984 108
674 760
697 585
402 471
956 978
294 713
140 295
735 790
314 542
477 34
631 705
948 749
495 578
447 943
106 879
719 211
553 920
687 305
358 73
140 916
966 264
219 949
229 844
7 324
46 282
585 100
936 986
495 145
831 747
816 304
67 374
174 446
91 744
968 459
189 476
898 266
984 705
629 996
958 746
978 220
890 571
341 748
340 785
383 861
974 80
423 506
561 221
320 841
517 119
257 348
96 484
263 418
99 660
670 107
768 255
276 622
882 245
664 384
8 676
925 39
892 62
820 771
664 334
660 948
631 323
706 182
544 709
800 831
236 584
113 18
946 632
854 81
178 974
952 217
825 333
994 364
602 409
251 381
919 284
133 391
961 14
286 907
982 356
985 128
514 694
761 425
923 118
28 274
231 309
982 727
624 991
643 343
911 957
667 77
500 298
1000 978
36 948
258 764
140 90
406 566
495 614
352 464
978 380
979 173
780 394
874 317
718 586
844 769
598 752
512 967
957 601
275 931
572 923
556 496
211 373
799 156
45 255
471 142
172 120
250 836
271 580
771 516
42 924
500 652
818 864
357 5
620 653
901 622
447 346
85 651
566 74
682 607
441 75
629 538
958 992
760 871
894 726
769 261
717 71
869 412
746 66
608 10
25 678
687 831
624 848
416 229
548 822
255 898
881 471
476 941
848 24
62 102
359 928
730 20
10 346
381 692
939 256
43 855
385 984
209 764
212 309
654 17
330 920
837 735
778 992
377 483
965 546
692 878
711 66
35 677
970 328
827 705
240 101
732 427
757 896
182 679
553 49
75 821
259 186
559 111
637 859
287 360
788 835
610 21
701 27
615 772
338 304
265 894
505 353
70 251
880 819
308 772
537 758
330 348
596 87
192 277
379 917
657 317
202 658
538 200
79 232
724 243
945 250
179 702
571 128
406 387
984 527
876 613
146 816
788 647
805 559
257 73
756 51
993 839
760 54
944 397
818 426
12 501
417 259
988 990
793 216
985 832
340 841
324 310
823 780
129 800
496 364
846 87
941 321
390 201
581 640
367 225
368 556
593 37
367 854
890 673
466 645
328 638
475 753
444 356
556 830
428 713
237 87
147 915
20 387
317 351
725 322
66 65
74 628
863 436
630 577
246 350
507 814
442 867
494 536
887 451
164 468
611 5
852 793
434 78
184 601
444 27
817 589
190 531
710 346
69 354
16 370
568 319
217 407
236 469
454 420
160 840
80 991
540 317
339 932
654 301
532 969
936 50
866 943
10 739
547 472
766 684
456 343
496 584
244 158
399 676
426 770
447 616
106 42
396 730
611 703
548 212
200 58
537 413
760 82
816 228
750 621
897 101
704 617
929 436
747 589
224 654
997 13
48 348
431 939
858 325
986 318
147 352
663 824
354 676
815 785
138 165
103 783
821 480
199 460
627 433
276 811
485 475
56 29
143 5
864 474
280 477
750 876
748 570
806 350
705 873
651 591
985 393
930 538
947 712
751 694
203 68
539 494
441 575
386 687
834 209
925 646
875 826
226 1
317 182
430 399
472 385
306 627
516 244
19 564
627 779
260 970
814 497
223 5
476 328
64 74
966 578
364 405
224 256
870 907
926 905
164 552
490 463
366 730
917 714
903 491
779 729
732 863
695 955
846 322
421 797
465 421
103 367
50 633
204 886
334 129
888 154
360 284
124 749
729 949
181 274
2 615
959 263
194 927
159 463
825 807
21 298
43 509
233 844
622 438
170 271
384 858
973 56
367 793
593 701
762 869
525 859
747 855
911 326
753 406
436 102
589 104
132 383
588 972
821 117
351 811
610 744
807 6
858 522
773 242
354 29
208 924
65 805
411 849
14 238
207 763
954 283
290 961
899 949
990 941
563 448
156 954
724 936
105 983
365 413
493 616
978 968
616 485
644 933
629 353
334 519
540 246
64 39
959 748
787 599
221 495
758 190
283 756
503 849
382 130
273 446
408 419
373 325
448 932
323 560
177 917
382 124
79 132
370 243
751 209
525 298
86 762
862 76
495 180
15 989
676 825
219 190
497 560
404 100
618 104
410 693
417 215
842 656
662 495
521 713
43 381
688 118
300 356
104 893
51 790
949 881
371 777
543 329
363 873
453 787
548 546
703 951
281 674
191 99
306 250
105 486
12 790
252 115
713 522
36 904
497 124
355 874
91 614
657 692
357 317
472 910
180 71
454 610
455 191
811 431
460 215
133 183
463 720
337 548
711 398
950 534
990 707
682 144
703 250
778 655
156 111
748 913
18 8
360 180
739 174
811 333
173 684
834 230
249 446
393 500
86 347
415 627
677 364
614 24
955 165
796 174
579 582
874 858
587 115
991 477
339 794
212 20
287 474
18 701
232 933
835 782
19 733
738 223
580 686
690 90
799 460
411 391
676 153
418 633
1 391
808 17
496 557
100 12
799 349
103 64
219 591
789 471
827 140
793 780
131 661
617 560
121 289
664 543
304 94
988 40
774 439
775 450
978 18
300 42
68 30
864 213
888 219
962 574
798 328
951 396
380 911
827 328
756 466
629 588
101 35
51 882
324 326
16 671
132 529
422 48
262 916
411 586
708 236
525 786
752 820
384 403
80 113
613 41
302 784
447 233
967 998
109 506
458 562
556 831
778 321
763 852
206 166
18 330
667 976
995 374
152 572
783 97
234 920
91 561
937 305
744 965
605 796
752 496
400 421
643 611
146 185
499 881
227 446
458 492
675 850
910 15
492 74
644 95
810 355
978 769
332 261
412 651
877 313
715 34
432 68
577 5
941 7
548 995
641 864
753 708
80 171
832 245
151 415
880 193
383 406
899 73
711 267
705 490
779 559
158 568
123 957
253 998
127 925
331 648
667 850
335 192
791 494
818 154
50 880
322 973
240 590
188 998
413 519
896 495
605 19
789 348
763 37
441 454
370 612
390 505
237 724
954 140
99 783
637 275
414 2
716 902
453 568
253 101
384 81
168 680
315 715
577 796
637 388
530 830
215 82
641 232
493 285
741 55
817 495
177 904
674 302
386 824
207 960
394 411
956 833
494 360
389 132
617 283
655 153
214 123
270 185
130 788
185 359
886 937
388 76
687 552
579 851
742 653
137 645
531 20
184 169
97 728
596 758
377 502
322 331
397 411
588 114
481 746
614 315
874 771
236 20
454 231
662 600
876 770
691 504
455 715
520 240
939 646
571 527
273 320
58 950
754 699
60 253
981 184
156 539
527 516
17 869
598 635
927 339
949 884
509 352
951 329
609 146
240 539
629 95
810 667
236 385
747 236
288 865
970 837
899 323
119 902
120 629
780 198
585 106
520 667
650 726
814 797
249 637
789 225
662 337
320 818
733 836
883 107
573 763
778 197
746 209
485 139
747 552
287 645
312 335
185 199
115 386
669 365
559 809
346 114
280 284
869 102
636 343
218 40
128 336
937 734
170 183
941 550
623 184
458 586
220 893
136 202
635 774
518 784
472 802
570 935
459 108
27 352
617 384
195 566
307 144
714 589
347 659
705 997
613 724
209 662
85 11
35 826
217 131
832 480
99 163
675 874
714 972
587 86
753 930
883 975
147 537
951 542
784 801
997 287
455 572
295 939
277 428
539 9
995 731
268 97
73 143
71 620
164 82
40 448
387 693
586 119
681 345
22 451
82 214
84 787
490 179
879 575
612 858
166 866
707 614
724 840
391 11
24 537
126 178
77 418
828 766
222 661
851 327
31 433
107 599
910 888
954 505
955 229
618 105
470 994
676 649
971 779
632 197
261 461
82 282
746 309
569 724
303 339
769 490
298 834
797 316
502 546
410 852
252 29
971 617
717 69
495 363
635 964
263 529
51 567
290 657
312 73
648 547
63 420
952 409
327 499
40 691
57 251
27 479
523 498
483 49
156 249
85 236
71 644
955 911
873 522
407 34
848 824
521 102
12 196
173 683
339 575
782 127
821 923
200 971
647 593
868 410
322 546
397 52
966 272
113 495
478 161
553 701
321 762
729 229
696 474
322 260
19 623
331 385
27 904
302 2
766 551
993 409
235 391
210 869
763 627
467 46
675 757
639 140
59 136
22 124
26 115
304 369
106 165
58 320
81 609
334 429
872 884
154 223
803 230
288 937
453 289
384 296
42 860
851 242
971 969
283 147
353 742
634 593
512 707
381 48
788 368
1 66
133 581
45 377
241 470
183 495
243 128
121 860
820 560
859 986
185 255
134 192
232 62
983 53
823 556
972 810
593 27
647 258
229 863
698 129
927 530
677 715
787 391
185 818
742 535
463 922
583 529
169 761
648 942
389 816
674 926
714 723
385 752
242 444
815 435
854 159
218 437
517 69
226 904
868 303
299 604
49 897
490 533
717 574
12 625
153 611
575 672
247 979
196 839
717 655
946 243
469 582
752 46
719 474
477 987
447 807
545 727
487 38
903 624
905 767
84 978
359 104
841 249
878 828
221 71
629 122
222 928
426 881
961 560
376 16
430 813
966 291
650 928
559 720
687 399
675 463
400 671
475 373
496 808
249 608
983 917
452 67
327 849
291 327
506 788
98 496
162 488
309 851
664 794
613 281
195 112
488 134
197 546
189 882
924 715
929 315
940 263
949 168
362 626
458 885
223 439
774 77
954 882
391 535
416 321
918 291
364 527
157 984
167 44
333 260
725 514
553 92
610 706
152 746
81 324
711 448
146 504
240 483
313 409
77 656
423 996
119 53
180 397
933 855
792 553
995 226
184 702
839 429
770 724
244 649
117 645
479 290
268 649
195 891
917 788
682 395
666 532
630 333
134 778
451 894
123 653
217 320
810 471
54 542
923 28
905 569
602 597
201 980
425 543
49 280
925 855
749 627
762 270
927 338
948 671
219 537
784 978
115 984
63 664
600 332
159 117
417 638
590 683
461 845
44 315
851 61
135 140
585 105
768 519
802 724
111 765
480 329
188 634
68 192
34 336
474 667
291 355
658 528
798 303
346 72
530 912
942 793
64 982
263 270
394 203
512 314
586 615
492 666
105 848
712 209
270 457
845 107
783 43
963 992
271 33
399 28
60 788
497 86
376 95
99 742
65 906
726 321
450 68
537 457
294 221
26 791
997 626
407 406
325 761
472 803
34 758
899 550
921 994
846 585
61 815
750 165
60 489
84 487
1000 680
35 829
810 169
215 527
558 715
226 944
909 291
912 585
360 662
917 808
916 861
520 30
425 990
47 51
505 104
582 123
667 78
263 958
343 969
267 33
408 191
510 276
886 481
842 248
141 236
304 342
819 345
13 306
879 969
510 36
98 698
830 724
340 739
676 69
309 540
71 653
2 948
477 342
212 284
814 975
662 131
168 579
34 372
254 779
888 193
836 137
979 746
833 975
176 205
936 727
479 627
190 482
285 470
968 1
128 31
916 104
76 509
332 855
79 556
307 563
788 34
882 133
384 824
77 997
601 731
531 768
553 856
664 415
320 725
356 179
752 744
661 510
935 243
259 594
851 992
981 785
433 859
530 459
342 213
973 397
963 651
967 179
595 777
570 555
368 463
367 755
995 58
786 841
669 805
374 213
322 432
327 161
520 427
403 561
951 972
607 126
973 832
887 286
819 849
446 960
340 67
657 135
397 132
550 458
199 760
404 736
761 315
779 948
541 525
637 856
213 940
404 599
921 427
409 255
745 10
879 892
535 64
45 948
583 436
311 17
295 684
68 378
840 275
953 724
737 125
426 700
813 448
872 900
339 457
767 777
110 516
495 202
98 928
707 978
524 132
290 14
664 831
866 405
395 329
808 195
972 581
152 66
834 610
872 305
300 330
341 530
270 534
897 312
419 556
479 996
375 823
157 96
530 762
513 968
199 485
170 253
722 446
865 329
449 290
450 29
623 130
915 189
133 24
247 110
764 52
857 462
307 813
626 53
26 237
627 467
445 135
997 426
472 795
19 206
772 496
364 516
83 899
728 460
156 77
291 25
753 309
686 510
715 198
971 80
169 238
614 968
728 379
835 545
36 224
892 438
271 477
723 576
761 501
578 197
859 200
70 937
1 854
348 523
307 953
983 862
871 425
277 626
575 897
176 619
412 939
509 489
201 904
371 504
664 502
361 690
953 790
715 659
344 914
131 881
586 712
227 973
400 996
157 19
70 373
679 901
461 680
88 461
309 596
755 700
828 304
595 39
135 56
764 694
596 798
231 659
358 178
716 817
99 350
935 529
702 868
208 472
25 182
656 368
676 883
237 611
846 7
115 59
703 666
975 598
319 18
882 754
822 175
349 626
952 86
998 428
656 941
857 273
955 635
6 363
381 535
720 143
601 974
833 416
506 312
291 33
976 424
924 136
330 765
133 286
87 715
256 871
755 683
175 100
359 715
235 825
148 976
957 18
781 552
634 129
173 515
305 651
86 496
665 175
938 673
584 582
283 380
691 107
395 614
495 729
187 280
207 213
966 98
749 626
109 723
775 520
430 223
641 620
97 757
715 703
618 250
130 235
166 757
124 923
159 116
70 337
550 591
577 547
763 792
158 820
31 78
548 100
791 686
531 139
383 635
901 852
408 151
335 964
932 362
36 423
955 219
845 897
104 757
592 602
239 9
295 299
861 715
134 111
251 727
257 336
613 141
695 563
870 308
765 450
126 653
111 176
375 598
30 462
364 620
733 661
864 620
478 947
775 400
959 119
392 199
324 958
864 731
518 434
51 507
125 566
165 335
866 460
40 829
27 354
464 696
483 100
138 521
568 190
260 228
762 764
17 473
127 386
151 219
271 484
700 549
317 102
269 17
203 323
960 326
210 605
302 373
875 341
343 859
17 251
308 526
681 44
365 555
723 854
316 384
533 85
969 506
983 163
315 216
652 249
158 630
782 588
362 213
126 586
355 430
168 294
561 305
46 459
568 839
534 108
441 403
667 909
662 424
845 190
449 872
607 767
96 55
106 496
586 934
238 403
478 944
427 846
634 938
375 524
231 552
810 390
668 875
941 345
945 670
508 2
842 750
829 792
828 845
8 614
778 118
512 438
860 478
630 812
314 438
722 475
851 645
218 10
219 383
117 83
405 718
478 877
366 18
251 78
851 735
470 428
146 430
165 402
275 174
956 118
186 991
173 903
651 571
346 793
493 918
958 32
598 27
138 557
217 767
623 444
551 435
130 589
600 24
973 541
254 340
354 175
218 982
147 710
426 136
60 381
443 623
65 465
340 221
201 689
701 228
683 537
26 300
853 661
912 453
378 385
92 573
678 284
659 769
500 266
762 101
546 918
587 639
770 814
457 121
735 874
406 34
377 178
383 332
480 165
170 801
580 568
762 327
799 350
837 151
932 125
148 460
168 258
11 892
676 122
872 901
945 79
582 260
234 158
552 311
419 352
280 922
563 601
328 934
257 510
115 94
777 743
31 292
310 869
388 535
544 837
525 958
655 627
12 727
163 581
147 328
333 397
726 428
871 653
218 127
281 962
823 558
20 169
81 461
483 369
376 767
507 87
353 812
578 286
137 92
566 487
130 783
702 231
706 250
355 24
263 789
42 210
316 917
869 751
653 562
66 204
783 147
570 716
790 757
826 690
906 87
60 257
388 280
814 985
787 946
383 189
311 432
264 405
675 949
378 799
52 604
862 37
314 519
4 479
978 542
724 462
240 867
520 821
500 157
157 844
233 510
567 897
226 445
671 871
606 840
519 691
244 9
686 96
581 118
758 566
864 5
763 54
150 412
443 386
119 685
120 245
968 35
146 931
147 390
419 493
738 661
578 958
561 180
148 229
196 217
536 342
516 916
354 817
778 191
941 673
176 357
654 108
713 578
290 501
621 542
586 102
234 694
164 929
769 321
399 58
722 419
940 494
53 131
646 152
78 622
933 964
695 741
347 539
462 888
817 863
566 626
336 327
346 721
844 112
147 800
576 766
955 969
761 694
669 891
937 163
445 396
416 894
689 659
341 288
106 551
783 405
625 321
532 651
2 362
826 936
558 911
298 674
986 690
329 237
936 256
296 994
294 605
705 346
807 519
508 853
883 643
974 622
259 117
235 132
737 986
165 925
410 264
193 648
712 648
254 51
336 620
814 945
451 333
81 824
64 522
204 312
793 235
423 352
409 754
928 846
671 14
254 568
575 621
422 600
779 153
118 968
752 913
376 279
720 447
827 373
738 808
479 942
264 725
637 22
72 370
826 327
275 439
648 699
812 374
320 860
809 138
217 815
821 391
108 987
753 394
113 811
77 848
697 137
356 153
817 665
178 745
455 215
937 620
794 996
904 355
89 179
159 783
809 682
576 683
611 857
953 940
119 27
860 392
576 730
425 34
868 274
870 966
290 844
648 70
163 261
213 180
910 202
606 309
933 171
112 41
844 378
44 838
804 728
1 669
26 534
10 837
801 666
567 555
986 662
218 828
988 435
125 934
280 626
743 187
106 844
208 985
610 364
67 571
384 666
451 408
220 75
549 416
201 306
111 787
349 666
596 127
794 313
771 211
304 5
196 115
159 137
298 559
941 455
428 158
485 91
368 807
441 221
24 51
906 945
36 139
803 267
950 430
73 554
224 586
208 207
134 219
122 653
162 240
293 586
665 735
993 762
969 832
765 342
215 885
825 33
898 815
741 221
380 299
237 155
186 988
354 330
523 503
997 436
714 686
138 603
178 540
235 597
750 212
53 364
872 716
470 296
190 911
393 367
69 710
831 688
749 100
416 984
218 476
645 185
631 64
482 89
572 954
731 699
113 275
22 567
39 623
353 492
857 940
216 36
18 806
443 246
256 991
122 402
676 423
21 215
790 443
957 458
390 981
338 410
104 270
14 693
18 712
477 101
279 275
102 338
943 888
106 785
179 999
306 514
667 842
905 9
161 533
54 640
550 517
723 83
70 758
465 302
913 607
715 983
922 295
372 146
194 654
824 873
950 249
842 478
719 948
577 923
569 539
436 742
951 193
702 729
43 460
685 917
979 648
447 422
8 195
573 800
775 164
904 778
599 800
51 886
517 637
462 720
553 809
915 846
702 394
691 951
682 862
664 509
901 496
795 661
371 519
959 142
368 791
347 574
129 743
313 386
868 393
596 879
668 268
796 377
721 414
61 853
981 932
536 981
773 1000
777 493
286 949
514 712
753 926
806 96
94 150
795 209
840 998
929 555
255 481
438 643
240 902
773 650
667 411
562 335
302 178
325 243
810 385
448 194
212 155
654 310
514 413
163 377
117 226
634 444
12 82
340 327
452 793
380 963
464 846
609 138
628 658
761 55
961 565
77 319
461 678
300 228
227 860
966 689
453 258
970 700
789 344
993 245
376 241
233 168
305 267
182 115
742 27
779 495
267 211
345 663
471 83
241 614
606 113
251 717
195 494
989 515
703 789
724 720
248 496
677 906
314 508
996 240
835 50
138 174
466 753
643 903
459 358
869 479
526 592
912 932
730 951
551 135
130 865
670 120
678 514
739 780
276 534
467 593
489 829
826 740
131 486
868 383
562 958
92 670
912 721
344 435
17 499
1 918
460 873
628 632
635 461
639 525
51 44
734 275
630 320
922 697
579 514
999 949
486 712
545 693
30 834
810 466
758 36
365 841
572 312
921 496
170 964
559 34
6 717
226 495
840 591
110 881
435 585
789 410
239 599
210 955
926 541
859 554
362 14
144 469
719 78
22 952
562 183
603 545
231 800
954 317
224 978
284 884
301 818
81 548
881 784
664 970
912 595
63 968
465 41
319 338
871 865
711 972
379 559
952 372
992 326
802 219
911 431
633 58
529 828
295 186
650 391
392 491
135 333
638 854
343 174
82 870
720 335
521 434
647 310
441 695
997 189
484 960
629 224
307 585
533 315
599 206
190 986
33 233
125 579
734 947
826 422
864 733
391 207
541 113
651 529
122 955
263 719
285 819
94 445
575 438
354 278
227 28
36 336
191 441
640 733
416 115
223 104
5 293
264 225
319 581
940 847
908 800
701 222
117 279
507 715
667 67
852 582
486 839
931 726
832 49
411 904
979 194
852 60
53 392
377 148
1 207
662 821
3 216
421 585
207 88
300 910
410 250
28 701
767 48
832 991
638 295
306 394
950 867
962 476
112 581
332 654
736 170
347 461
480 360
98 923
500 795
802 797
769 204
379 604
974 7
578 884
543 22
72 433
327 939
254 921
627 161
504 539
925 703
584 44
604 183
237 954
244 261
890 804
820 975
436 976
304 792
955 564
320 697
340 174
513 786
109 273
38 791
539 798
685 628
964 573
911 214
327 495
592 900
185 306
189 31
730 30
218 298
381 846
540 161
703 225
672 155
856 680
873 526
536 679
730 129
825 371
38 64
96 945
902 537
266 105
691 278
543 793
69 598
507 905
664 855
213 855
549 964
643 296
891 732
831 277
2 339
934 872
738 105
757 827
903 763
409 339
691 165
417 872
607 281
425 729
615 770
247 670
583 288
128 660
610 414
334 262
942 65
709 474
603 843
692 680
97 800
81 613
562 236
54 816
167 627
331 961
429 308
841 908
132 873
376 837
999 359
987 359
730 878
92 129
516 803
29 656
929 418
169 755
290 124
293 779
524 485
674 470
267 916
622 384
346 135
846 200
656 602
125 809
649 285
638 183
9 190
17 603
215 792
627 328
798 777
364 709
539 619
562 776
571 594
677 553
751 664
866 498
961 430
143 370
41 408
574 50
833 148
339 115
909 279
913 220
611 11
630 357
886 147
62 497
529 268
108 119
682 290
352 705
630 148
944 773
342 688
573 76
980 50
505 406
126 486
788 877
918 504
810 529
151 267
693 936
330 378
663 428
461 724
830 679
976 240
33 821
641 694
706 921
111 628
554 685
349 319
975 31
743 83
266 853
563 665
226 444
906 645
780 174
853 864
570 374
111 842
498 317
172 62
769 52
75 272
242 822
404 25
483 902
394 211
140 563
862 784
249 808
926 13
674 506
661 224
994 799
167 91
884 415
446 150
68 684
453 982
312 5
617 286
51 480
507 226
609 510
18 171
769 609
274 193
220 773
508 637
597 437
172 672
798 756
588 24
535 995
635 95
692 14
184 285
867 32
729 7
506 136
179 98
454 216
772 245
185 606
867 177
406 287
84 173
502 244
13 215
910 159
715 453
952 913
791 936
257 974
889 314
395 923
452 600
420 62
822 644
502 406
154 931
567 630
573 193
701 780
831 941
946 561
432 371
987 739
440 862
205 610
20 867
334 382
82 239
739 923
948 778
426 736
287 989
269 578
2 863
810 934
957 949
617 668
528 251
340 937
894 112
823 940
428 248
594 116
372 378
873 443
176 37
747 414
659 720
368 829
845 773
180 617
73 524
772 992
920 19
869 16
798 20
656 637
898 726
973 50
774 45
851 746
391 631
30 461
345 317
308 183
987 334
864 623
830 276
881 967
869 498
872 42
358 889
566 306
695 602
501 563
195 684
363 574
255 612
421 210
117 579
722 679
670 415
661 696
574 123
132 42
260 231
959 935
283 142
639 595
964 783
535 628
84 156
687 809
669 718
951 996
772 233
580 914
482 149
819 14
508 917
350 388
558 937
795 9
140 194
892 735
70 7
18 738
897 319
763 618
804 440
127 963
956 984
40 453
538 332
79 108
524 815
67 940
230 456
124 843
268 237
664 666
809 407
975 38
614 418
818 351
486 49
914 714
629 175
304 607
350 540
174 370
712 821
749 774
953 557
2 803
760 33
758 636
607 374
245 551
381 39
353 590
485 89
824 685
931 371
464 336
898 408
993 542
246 798
876 941
661 183
459 451
812 453
447 978
891 452
375 815
121 820
600 998
531 663
510 710
973 214
77 993
66 338
312 78
41 795
363 653
270 203
388 114
706 149
735 854
198 601
80 312
62 248
70 679
388 835
400 447
454 774
451 628
5 280
138 699
89 431
491 271
109 852
80 614
777 320
908 558
855 651
715 60
117 490
230 571
586 2
827 567
793 587
857 844
141 187
288 593
266 604
946 42
13 449
874 280
641 681
239 493
291 112
954 400
292 799
165 535
82 183
689 869
230 71
876 461
680 352
96 103
346 699
176 911
185 951
902 370
150 503
49 224
140 697
73 746
220 335
372 434
690 619
403 643
567 403
327 910
437 250
276 56
319 250
822 199
111 132
266 914
172 776
110 68
4 721
875 922
631 482
707 18
910 725
865 109
930 303
368 690
332 85
781 664
803 916
406 935
243 707
449 64
215 633
371 648
144 513
53 511
651 657
347 594
548 118
431 54
70 786
517 465
540 22
902 661
233 238
174 895
691 19
50 441
416 563
165 856
131 72
863 889
232 903
50 8
396 28
35 420
578 7
758 248
409 223
391 283
339 26
512 888
306 369
606 956
55 174
865 230
960 222
392 808
875 973
291 108
738 479
477 361
561 382
137 528
177 117
569 859
931 92
842 353
239 275
132 959
41 646
443 278
653 439
729 817
272 478
898 318
152 979
977 287
315 336
807 722
54 63
438 414
81 243
447 452
656 643
340 884
822 48
716 531
627 152
20 106
640 47
888 152
643 329
566 53
992 384
437 79
204 334
206 644
815 798
871 690
341 931
675 880
996 476
61 548
977 219
158 310
869 477
816 807
213 345
217 798
588 315
716 320
238 132
960 946
833 420
542 476
81 150
848 231
227 226
636 158
132 55
80 256
467 448
30 914
161 577
753 47
277 847
919 496
776 98
209 829
305 574
126 726
679 400
921 724
904 902
70 905
861 946
899 141
919 214
631 808
322 662
749 733
86 939
773 637
478 269
649 551
67 802
391 701
925 850
70 171
509 393
398 722
457 54
420 398
349 96
461 614
979 153
463 488
267 309
175 420
641 608
804 20
275 798
95 354
896 594
861 118
419 223
37 532
165 559
887 774
139 204
430 957
803 165
567 132
440 957
81 829
45 154
399 423
681 914
812 188
426 515
723 363
172 35
581 498
349 597
67 412
266 441
432 783
769 384
534 640
628 219
464 112
673 876
690 898
217 54
156 390
868 985
480 906
981 550
805 250
576 518
928 269
293 693
846 788
393 231
378 303
658 301
273 841
406 31
207 704
961 484
892 276
696 119
34 610
891 445
369 881
960 700
598 98
437 904
666 962
26 421
868 492
530 21
913 155
783 663
427 918
839 178
18 848
809 107
261 40
119 684
658 768
459 575
952 460
335 96
391 466
726 595
73 177
936 241
175 408
3 218
685 490
796 517
802 710
898 85
66 461
206 358
408 473
816 502
193 873
18 390
864 482
131 719
650 613
240 541
680 276
798 452
193 907
177 270
909 597
133 110
865 971
367 503
522 394
867 983
194 587
566 507
533 10
475 94
367 100
411 836
612 64
806 733
879 505
57 434
205 218
379 299
878 195
918 206
683 435
96 631
157 701
119 293
105 495
158 355
536 175
440 4
635 843
686 821
468 594
915 21
865 962
241 104
404 855
761 785
796 272
997 433
203 180
226 783
639 737
765 550
990 853
97 538
521 104
540 924
579 958
87 655
33 589
368 83
120 668
170 745
196 873
605 723
127 307
537 819
882 548
635 356
33 293
940 801
915 453
952 586
610 186
614 658
572 866
799 548
468 244
624 66
184 675
314 734
852 82
377 182
676 128
552 142
92 351
503 317
279 413
110 815
550 190
102 179
563 703
340 524
508 638
756 148
386 500
727 533
180 968
141 638
825 533
110 521
275 564
613 414
315 325
182 5
629 932
850 979
558 352
542 805
105 24
893 111
611 451
58 142
974 400
513 82
589 199
63 224
122 684
485 350
124 498
826 378
593 29
557 506
670 580
233 670
513 892
643 829
423 873
635 855
137 64
657 649
216 455
416 25
470 460
109 388
243 706
356 291
913 432
217 35
147 776
960 629
354 220
192 751
681 831
674 523
363 406
71 89
346 616
277 810
839 84
587 391
792 753
979 468
105 912
363 180
679 636
786 499
433 517
903 840
979 414
726 697
785 41
843 383
863 857
629 290
369 756
300 562
891 619
322 802
879 814
625 443
53 946
611 888
687 183
67 982
478 135
641 539
70 223
462 922
577 681
485 181
455 800
780 217
467 242
723 987
698 958
609 105
572 378
225 352
908 373
642 137
145 871
222 167
977 286
154 991
998 244
98 497
470 957
533 209
521 697
44 2
743 451
842 723
882 484
989 512
756 317
688 53
530 840
358 625
822 160
842 802
720 358
848 299
422 274
81 412
284 760
835 55
768 236
200 510
848 442
117 843
959 94
488 313
87 371
768 155
971 388
826 385
127 801
534 528
360 883
750 32
492 368
511 724
276 529
842 61
104 951
838 967
125 670
522 760
174 591
490 992
311 637
610 913
493 747
631 5
812 865
908 608
748 871
655 309
805 504
364 88
700 642
705 60
669 665
475 653
396 471
450 593
917 911
790 503
368 234
921 580
188 93
913 984
342 722
330 186
334 674
816 275
249 970
1000 782
605 317
163 278
628 578
535 22
795 333
93 122
376 50
879 544
606 808
827 205
866 685
409 980
763 799
430 962
468 607
897 959
452 982
684 353
810 932
261 560
637 351
129 696
806 980
315 383
423 910
251 637
110 432
613 295
802 356
837 687
967 752
569 705
238 468
618 286
391 736
289 122
323 724
381 468
275 443
332 184
774 35
354 576
315 970
63 56
746 506
532 17
237 245
510 827
632 509
458 629
243 525
85 306
964 619
821 238
952 115
665 914
759 438
194 458
604 641
660 659
644 248
185 574
21 871
317 496
193 2
389 887
851 948
494 414
277 866
633 524
523 826
639 546
415 532
680 699
553 435
131 229
353 309
141 4
89 371
93 267
611 210
852 200
600 97
325 200
53 889
257 952
813 675
616 651
607 649
175 458
510 128
629 395
315 223
44 503
300 905
28 696
139 48
80 488
76 928
629 60
666 54
315 76
797 832
111 611
490 186
789 300
22 437
305 199
876 634
624 483
680 277
701 609
81 792
79 317
513 171
841 870
183 275
539 409
704 570
436 701
237 318
898 406
572 609
725 881
307 648
37 901
556 284
493 333
632 315
453 582
863 532
754 389
209 303
835 15
267 587
342 13
820 937
220 937
560 278
427 257
903 978
643 487
927 692
507 63
949 396
170 722
555 13
631 318
354 326
561 700
450 981
94 412
829 727
481 585
189 376
907 793
730 140
496 10
114 729
715 161
790 605
916 904
478 25
761 483
961 225
669 720
47 108
710 484
877 333
515 726
790 460
627 858
611 97
173 582
355 447
174 865
987 926
610 187
95 417
448 250
411 494
723 543
628 523
59 272
540 321
374 747
373 922
931 836
969 409
367 156
696 448
704 90
374 538
893 554
912 119
876 440
110 812
220 180
611 573
9 510
945 241
12 136
713 109
641 728
969 251
561 417
515 875
802 973
819 601
567 207
571 8
423 343
49 230
167 850
793 167
152 217
797 759
158 19
255 544
158 226
673 954
546 168
142 551
978 751
806 766
953 154
368 982
829 823
81 439
963 17
547 814
416 316
740 197
371 666
686 743
643 828
377 773
55 972
925 486
12 897
98 345
497 481
744 958
489 631
773 67
460 322
27 289
761 964
860 386
78 414
347 720
791 675
829 364
388 374
173 648
182 894
660 570
511 998
41 836
478 245
502 239
353 381
779 594
196 989
252 405
841 384
288 512
574 482
117 125
101 856
509 369
913 908
199 619
633 919
959 101
656 170
399 830
206 300
316 308
326 901
590 598
974 817
650 939
135 161
562 143
139 162
452 855
568 772
509 182
989 204
277 48
6 918
318 900
689 16
949 622
641 341
326 679
367 441
993 890
940 935
437 331
742 31
312 460
720 569
183 347
977 430
965 389
803 374
759 280
347 82
718 71
505 640
580 108
966 279
586 733
825 899
39 137
168 974
850 726
311 812
692 324
910 695
983 327
677 744
626 192
259 515
423 780
57 667
322 161
458 417
609 45
721 365
472 791
458 304
421 140
77 538
703 314
859 334
378 235
624 719
731 549
331 147
459 934
98 250
977 677
506 151
757 722
907 154
592 508
518 532
334 897
282 868
798 735
88 43
696 298
182 757
164 320
691 113
987 966
866 985
114 850
952 754
956 202
596 33
357 595
920 479
550 758
634 335
796 594
488 557
749 910
73 501
573 416
79 171
180 946
861 485
348 216
798 494
50 622
589 475
632 66
336 655
978 210
690 606
983 807
327 963
573 755
959 270
119 573
979 580
522 485
39 220
849 208
82 705
428 360
506 533
967 640
217 246
111 190
655 807
473 373
244 358
43 71
299 465
651 644
604 636
256 396
61 695
635 798
302 707
759 784
692 463
381 678
256 113
761 740
668 368
543 912
394 665
380 482
494 622
28 70
657 882
967 85
700 560
494 729
924 392
144 986
990 921
697 627
44 722
995 882
554 878
691 77
877 394
574 442
867 396
946 219
377 152
819 305
676 366
681 304
516 676
653 138
231 98
748 264
757 832
404 920
927 460
784 86
588 868
73 401
918 129
392 847
779 333
84 759
654 703
662 154
708 332
927 226
396 618
2 721
686 383
184 711
267 799
824 688
93 513
560 90
851 429
229 65
803 270
208 196
940 141
274 530
765 480
158 214
522 125
209 302
263 521
820 890
712 323
532 54
995 500
704 999
66 448
60 842
223 170
456 711
657 572
17 669
473 115
293 312
386 586
441 525
429 680
714 566
433 346
477 700
176 615
123 364
71 4
533 310
204 939
257 973
445 463
53 698
844 667
829 41
924 259
191 780
250 200
686 737
292 469
684 855
176 582
230 649
287 338
434 898
24 954
22 133
101 692
248 344
900 673
84 966
657 410
633 107
743 218
311 200
266 866
92 456
241 898
292 794
903 298
429 415
689 555
205 731
989 231
120 112
466 164
659 815
785 536
242 703
629 817
377 750
28 978
111 931
6 213
44 24
998 345
67 457
505 788
849 143
522 319
480 598
65 696
309 551
500 537
600 839
975 43
487 813
107 510
43 225
320 874
542 197
533 270
189 853
972 103
320 665
328 181
928 472
453 911
437 266
384 650
939 184
446 472
579 867
565 14
147 925
475 632
994 712
88 643
730 254
402 181
534 126
777 391
190 940
545 163
229 650
251 334
956 739
647 830
216 150
531 225
861 570
311 537
916 941
590 763
505 515
423 687
799 740
409 959
93 449
238 666
131 60
911 539
93 370
518 843
232 906
10 349
779 550
378 763
19 290
406 179
338 783
27 650
858 868
305 44
359 241
987 520
288 862
951 493
884 102
614 361
797 775
541 957
159 46
290 797
400 663
43 728
353 681
872 550
708 373
874 29
589 566
171 741
565 573
124 707
391 873
175 950
536 348
461 229
968 775
458 893
539 956
225 802
893 339
968 918
60 776
646 3
170 216
189 620
25 763
906 340
315 658
660 923
424 579
830 463
899 774
628 72
693 93
273 866
240 283
65 192
393 345
80 568
130 924
705 784
195 978
235 673
342 903
751 553
455 412
863 35
459 857
977 676
451 985
838 743
933 177
700 668
772 241
97 945
518 533
173 636
654 906
339 876
821 588
515 785
979 444
65 268
670 867
252 854
454 510
862 11
386 118
598 513
766 615
178 500
14 630
594 556
331 734
398 899
605 172
219 529
899 317
723 161
108 782
124 914
768 608
344 530
733 8
76 781
831 655
387 638
427 701
504 472
379 708
395 91
859 606
879 659
538 953
120 168
563 614
586 909
91 377
292 560
261 591
888 173
466 547
569 598
474 77
203 752
112 907
560 191
577 631
911 426
424 826
418 237
371 823
483 465
928 546
458 657
994 831
738 917
741 82
906 249
324 534
555 146
938 278
333 288
106 565
246 579
281 893
327 131
599 197
408 558
114 465
556 760
705 722
479 219
597 484
972 72
136 66
209 636
856 721
503 374
968 767
305 922
520 296
445 57
874 989
342 931
146 246
401 601
683 933
23 348
688 893
801 434
251 487
749 412
456 989
787 899
383 226
611 71
886 223
62 397
799 700
467 319
666 739
107 117
532 804
520 868
596 215
409 235
710 43
503 811
641 976
804 420
608 557
127 975
827 781
25 315
10 673
541 835
809 829
174 148
175 581
748 265
179 574
943 576
414 278
186 209
666 167
315 447
712 825
965 169
768 985
25 198
559 513
283 778
12 452
949 933
586 929
314 236
650 322
903 116
634 949
983 202
513 218
915 602
440 698
917 168
901 595
501 991
980 776
16 685
471 391
594 908
593 165
43 132
167 378
907 351
855 125
593 433
199 505
953 237
765 656
684 139
545 459
51 574
15 411
18 461
570 878
385 779
833 353
299 333
172 725
545 21
178 534
87 426
470 278
695 811
520 373
186 841
958 43
467 524
1 928
235 208
147 862
496 12
868 316
407 144
113 44
304 863
66 786
104 449
468 930
757 715
1 977
769 847
26 388
364 833
302 297
912 429
416 700
218 760
757 917
558 606
299 777
791 999
109 515
917 566
899 87
830 573
101 280
235 181
309 934
645 648
481 213
612 180
126 169
24 601
6 537
742 279
444 590
111 779
267 463
107 635
534 3
662 52
723 454
262 326
443 524
234 153
664 920
827 100
120 224
854 927
525 725
175 812
936 556
387 852
910 780
656 667
570 433
632 311
38 763
883 42
884 273
777 633
923 983
17 828
16 649
200 374
437 119
518 192
498 71
981 618
637 216
530 754
180 271
932 798
188 757
243 425
15 511
592 982
703 34
490 155
952 446
511 573
369 220
134 618
670 328
963 734
503 137
565 190
90 903
623 360
492 35
865 860
131 496
385 896
606 313
190 941
374 158
545 162
643 621
278 464
151 834
463 988
730 439
913 215
416 873
955 349
661 877
888 905
189 124
65 438
766 878
216 6
217 371
921 621
279 111
672 265
356 866
32 936
221 444
442 571
614 701
709 647
321 590
508 840
288 625
314 753
316 327
979 129
728 959
224 503
735 708
404 994
280 688
429 113
413 620
322 963
988 224
700 172
315 118
586 342
571 185
353 680
127 138
125 388
896 360
819 90
512 472
648 842
581 502
755 930
992 432
8 967
694 67
841 653
551 974
589 279
76 430
902 124
655 604
767 664
453 832
350 676
115 289
225 801
673 821
450 198
685 659
294 351
647 345
834 719
925 87
656 820
454 529
955 736
207 891
578 381
652 980
725 762
194 114
33 176
551 18
644 368
113 98
440 174
646 290
722 700
762 625
55 576
105 710
144 722
215 836
773 933
164 938
133 262
412 451
568 25
696 206
769 774
904 59
762 851
670 582
288 320
933 176
385 141
778 943
18 872
934 858
260 957
918 425
329 150
865 292
774 926
675 551
641 971
50 135
940 577
633 945
316 363
999 230
129 264
97 124
116 392
84 784
305 79
913 648
185 529
20 935
524 102
407 610
563 760
20 453
729 736
896 453
681 517
224 1000
339 393
267 375
550 801
78 102
461 934
465 35
512 644
290 78
208 331
685 983
816 10
393 815
513 110
219 77
168 797
687 618
638 856
989 658
60 958
280 358
669 276
377 806
428 895
910 742
547 744
803 626
313 422
423 381
677 539
34 527
664 523
756 976
647 611
905 128
833 617
513 603
551 391
972 216
243 812
924 27
728 396
704 482
397 437
522 618
155 79
855 738
329 336
348 596
700 673
61 121
526 29
970 171
268 635
865 471
667 89
718 264
726 740
269 989
696 439
287 947
936 102
421 738
70 449
867 398
637 828
254 372
297 520
409 155
339 214
235 345
951 423
989 16
183 985
115 959
187 26
595 393
466 889
796 688
908 474
358 97
448 660
914 711
349 354
520 722
802 932
913 517
556 379
519 355
447 314
799 17
775 40
318 557
837 767
989 468
503 970
870 377
387 137
933 200
146 234
153 321
404 333
484 19
391 705
967 614
632 429
906 154
377 962
588 488
309 249
459 292
316 683
725 705
372 799
248 764
229 946
818 747
87 308
683 85
668 295
235 586
324 809
271 290
352 370
194 301
615 197
706 432
868 755
844 262
174 757
389 588
532 731
576 970
317 243
291 904
273 373
624 180
244 1000
409 341
192 67
183 511
336 894
538 666
709 307
265 874
974 937
22 10
547 441
783 793
77 115
253 348
813 422
76 854
77 491
375 407
880 981
104 535
323 823
785 542
977 310
704 490
813 72
138 448
746 125
237 630
585 986
625 936
902 262
297 981
513 37
674 464
33 472
548 489
57 466
898 744
681 79
115 324
744 372
228 173
160 965
177 921
459 371
775 323
446 79
583 634
655 793
198 668
346 931
720 156
670 318
393 210
548 696
860 728
194 414
89 236
414 651
908 554
5 1000
61 878
541 164
389 951
167 333
930 637
735 242
403 743
153 760
340 138
322 493
456 903
273 55
226 113
99 229
409 218
448 59
363 766
765 808
930 863
681 195
330 51
627 827
921 620
739 469
886 4
317 791
486 694
13 62
893 578
143 911
809 167
576 854
939 804
745 801
322 830
879 810
365 730
2 160
870 923
463 19
926 921
420 486
205 632
352 404
353 973
540 471
942 103
250 575
514 182
809 466
279 530
486 242
234 107
931 67
310 396
239 286
976 680
921 89
869 319
654 885
896 361
36 436
379 536
340 770
90 989
876 716
589 389
57 268
220 296
629 900
354 854
707 838
10 186
231 616
56 980
812 507
650 490
869 230
447 80
584 106
604 885
789 805
707 100
191 95
580 582
12 834
186 701
262 766
640 426
888 429
777 199
100 234
602 116
311 808
39 377
425 189
564 168
878 328
282 577
544 404
701 322
902 731
504 576
319 718
982 341
804 605
936 365
644 38
620 609
995 970
209 833
818 589
274 767
402 456
477 900
139 519
891 666
505 459
732 670
804 307
735 773
166 512
586 503
827 995
921 362
226 486
296 551
266 529
322 949
219 531
974 993
816 463
504 107
286 487
35 165
244 117
241 729
555 756
560 851
29 560
908 277
747 263
487 512
239 163
298 563
794 348
23 674
488 268
158 991
822 102
200 209
609 363
183 440
210 502
522 245
992 204
370 98
154 721
388 690
731 41
637 159
432 610
986 393
589 28
275 44
4 662
890 749
256 111
38 893
954 602
207 862
942 807
341 356
561 145
655 198
416 69
56 44
521 230
331 658
869 734
156 773
13 898
964 742
42 146
97 540
799 920
925 717
322 418
161 608
482 60
250 133
537 858
455 275
744 550
857 969
179 245
363 112
259 77
663 936
671 624
818 996
965 851
436 331
770 835
588 766
735 889
757 209
867 433
80 813
136 297
676 361
325 69
805 843
314 694
984 738
676 248
576 444
44 386
176 778
196 325
348 8
866 589
297 734
637 654
835 844
141 597
340 118
920 296
375 74
154 424
893 981
200 126
326 738
185 782
99 880
499 170
162 38
664 860
223 723
243 177
975 608
825 847
57 437
145 347
581 650
397 899
859 120
832 826
38 959
475 883
437 429
394 503
233 677
142 873
473 342
309 248
801 16
237 102
402 61
189 259
411 777
739 520
313 479
186 855
479 78
29 491
640 688
754 306
313 584
216 113
248 671
190 774
726 948
88 968
130 757
592 296
22 185
79 522
631 969
25 331
670 671
288 393
287 788
577 53
575 518
706 339
924 286
283 398
145 417
476 405
545 704
218 792
814 164
391 301
200 785
254 401
164 121
224 196
875 999
680 215
936 865
352 120
116 449
538 139
685 235
379 654
505 575
34 319
200 11
699 51
58 425
192 698
261 628
832 720
836 248
394 87
513 139
822 447
695 167
608 119
396 274
668 977
150 632
862 652
281 511
854 524
272 662
292 729
996 373
778 128
323 229
533 410
97 423
7 839
194 842
285 33
677 879
266 219
111 243
556 924
560 423
873 800
268 852
567 867
553 930
237 185
682 838
829 533
958 235
673 9
583 522
380 327
381 762
826 601
440 148
613 831
57 852
931 930
769 911
790 787
134 763
263 925
913 324
582 195
237 364
317 52
485 878
41 258
326 418
199 944
809 900
203 437
61 79
800 193
283 896
146 9
456 535
143 537
238 665
863 404
691 25
811 751
161 758
992 552
227 537
232 909
781 56
649 670
465 633
905 740
637 995
491 813
939 965
944 745
652 186
766 296
287 81
844 426
685 190
888 438
941 212
434 534
499 68
500 811
128 793
345 878
306 732
400 537
684 265
298 604
885 440
245 537
873 448
682 486
14 280
987 344
814 258
766 228
750 745
881 144
790 507
185 183
383 828
35 717
275 418
386 831
868 803
326 444
924 589
928 392
525 810
750 459
830 859
181 84
502 656
88 949
445 423
864 713
811 82
815 634
376 914
820 172
507 251
90 385
863 543
403 292
61 768
99 469
565 406
527 39
416 937
519 468
913 288
752 264
492 19
476 648
882 647
739 18
499 857
316 801
632 930
66 856
127 353
37 73
924 471
821 585
869 448
131 29
518 923
559 69
317 826
579 667
654 363
748 2
969 739
553 116
375 181
847 382
10 825
53 744
948 755
473 661
862 118
277 269
794 153
444 30
784 991
736 440
2 52
810 655
997 527
676 84
988 198
516 573
22 418
219 862
210 66
548 110
839 135
989 300
497 694
59 939
222 677
794 298
228 546
673 683
690 715
858 665
508 274
219 161
864 58
223 873
578 872
831 622
832 536
100 331
229 41
324 371
532 890
557 283
125 889
203 979
280 360
570 232
266 263
431 707
158 265
259 978
68 843
427 280
527 357
360 197
740 104
99 352
232 10
89 186
238 789
170 477
751 333
263 852
732 565
172 956
821 794
402 248
757 668
500 100
578 97
924 21
448 326
377 352
269 360
471 774
757 525
516 278
226 71
100 636
529 316
711 76
372 705
537 857
661 931
421 398
606 205
226 494
580 808
232 950
784 797
221 482
629 485
848 660
58 227
319 993
911 131
529 239
303 652
704 115
57 175
969 469
22 479
520 923
685 951
889 170
134 929
609 59
756 190
31 20
691 552
267 130
414 55
254 822
419 479
793 206
632 98
499 173
233 558
121 739
160 733
452 285
973 319
771 643
846 69
134 65
582 162
366 174
173 907
742 773
53 32
882 184
755 186
869 398
564 476
87 321
642 654
347 444
241 145
540 581
890 526
928 303
657 679
751 799
554 313
937 439
60 674
78 687
815 562
670 339
494 415
151 970
762 695
579 791
362 112
956 731
887 461
464 557
394 776
221 691
866 200
711 321
498 708
238 642
500 493
887 275
209 904
234 680
766 960
378 769
260 42
308 144
883 804
165 941
679 167
403 792
762 718
641 896
843 294
956 31
705 281
429 249
781 100
454 340
885 16
408 396
718 550
126 172
698 565
555 996
49 844
535 202
192 402
822 658
549 506
515 294
884 975
154 850
271 569
292 996
846 391
8 863
480 268
44 133
779 506
505 943
768 841
660 335
533 199
715 812
522 424
775 14
262 103
152 792
196 239
16 637
52 31
556 127
994 454
812 17
46 937
747 748
637 133
254 524
122 694
214 142
678 569
419 678
5 673
816 818
835 238
133 597
394 488
712 355
52 204
532 214
970 616
882 47
521 323
479 143
336 151
47 971
229 980
32 368
820 201
234 890
878 451
294 16
43 784
63 349
946 675
428 846
643 705
91 524
69 509
227 92
874 897
964 831
235 697
626 266
107 976
1000 629
456 905
38 503
802 161
648 7
190 690
856 426
458 36
108 111
445 533
502 192
468 167
184 726
828 135
124 344
350 327
814 342
562 471
528 715
642 351
222 797
351 699
687 189
909 211
93 317
688 56
525 387
490 108
272 311
131 764
337 471
454 440
242 588
206 211
758 524
941 100
476 384
50 583
806 930
609 476
183 289
281 297
875 625
931 163
668 822
336 311
711 880
816 903
31 258
345 527
785 794
567 335
484 70
396 780
788 126
627 14
316 470
223 443
295 30
775 272
502 614
546 56
60 935
698 367
376 313
702 431
65 954
497 463
769 712
497 55
209 207
66 4
564 315
982 30
820 173
803 678
351 37
281 903
636 149
32 11
416 938
694 573
18 50
682 93
676 371
87 732
606 436
623 510
248 728
190 735
265 740
344 43
821 551
961 979
459 810
667 449
960 373
892 604
70 896
236 408
702 349
245 102
327 735
512 890
278 51
770 893
426 893
790 376
884 579
46 216
339 78
183 833
496 531
315 201
776 421
232 889
26 975
572 23
760 303
742 323
746 782
653 242
253 782
474 589
770 14
192 474
836 787
405 393
103 268
894 233
412 240
309 701
954 194
257 18
25 238
816 303
912 126
194 719
804 812
876 675
825 599
93 647
665 62
632 71
261 587
154 573
926 439
481 952
785 885
349 942
807 985
6 32
134 245
559 828
484 122
251 849
569 308
776 733
21 685
777 775
464 6
29 114
217 959
431 706
158 270
513 781
678 577
517 973
759 979
389 90
213 262
416 232
697 73
212 578
449 400
553 522
772 300
991 184
630 616
820 626
561 391
88 895
730 178
17 325
894 865
290 979
652 729
265 695
18 937
574 242
460 534
616 324
340 204
913 156
680 673
277 733
134 994
732 717
74 483
827 547
578 520
974 694
353 184
731 851
789 143
80 815
445 4
624 172
127 971
643 98
202 286
31 241
207 628
70 281
845 669
239 626
354 136
245 599
895 327
310 475
563 729
349 656
457 859
48 165
84 611
237 655
756 93
582 561
548 353
91 502
358 371
612 572
409 581
105 182
548 496
241 438
367 210
890 772
860 465
842 868
972 827
51 357
683 424
846 868
461 314
299 419
655 774
932 885
203 847
384 675
73 61
649 377
51 435
985 797
271 190
133 493
527 489
553 614
271 303
916 688
386 583
950 45
511 121
626 487
293 436
903 959
886 797
722 786
299 623
818 725
998 943
327 149
187 526
98 191
286 982
783 422
202 193
113 410
645 321
888 992
140 271
533 977
849 907
889 506
763 401
31 951
344 769
717 292
439 434
500 140
571 435
199 530
420 461
991 630
727 716
175 613
201 250
609 213
980 372
150 173
120 622
301 79
709 82
582 224
452 973
310 423
297 824
926 749
367 419
758 440
850 59
427 790
621 892
656 256
987 382
698 135
480 764
944 11
121 804
769 80
328 800
738 887
618 449
125 847
238 406
612 679
363 9
630 20
752 671
323 372
398 568
845 39
994 995
868 920
996 85
281 648
963 932
785 208
285 208
161 482
953 126
147 51
310 525
703 46
81 331
693 68
643 691
237 72
864 670
403 266
920 736
575 96
816 529
156 210
470 310
714 19
934 449
226 810
393 433
912 751
52 914
933 823
147 894
403 744
588 979
244 553
65 394
199 835
832 340
795 88
500 450
463 254
843 372
188 39
444 153
871 290
503 894
710 111
59 306
151 258
474 967
524 741
642 455
748 333
608 856
278 882
706 889
103 277
731 461
276 279
996 678
813 24
483 845
889 978
595 477
858 643
784 290
522 506
405 230
408 54
392 667
821 11
965 510
234 264
806 818
549 361
410 259
707 843
580 219
428 344
765 65
732 398
346 241
57 386
293 325
111 450
417 613
896 57
568 931
497 212
800 581
571 324
830 353
30 361
512 248
751 993
185 256
743 95
590 645
995 128
227 234
319 730
696 99
804 185
229 147
393 429
625 28
973 730
117 648
312 833
718 898
45 556
970 682
37 216
937 74
226 131
559 71
702 905
952 521
576 181
804 227
447 846
766 616
456 113
700 110
442 330
408 598
747 77
231 116
16 107
476 125
477 212
116 404
44 409
779 726
546 695
785 441
552 476
989 289
366 596
93 996
367 261
663 312
645 861
300 194
887 798
233 225
771 907
461 977
483 873
104 594
432 217
174 479
555 717
612 906
144 580
361 214
327 953
642 791
94 988
111 998
686 468
695 286
613 177
910 635
603 487
695 399
612 383
355 750
686 694
333 134
569 420
588 448
881 330
371 600
246 580
997 308
285 152
605 745
26 792
668 978
549 588
38 195
830 127
522 820
504 641
454 787
147 841
645 74
884 202
759 60
105 823
808 488
994 495
558 724
78 994
924 390
799 810
805 389
187 594
464 865
943 11
433 401
360 422
883 842
22 768
922 786
248 467
217 547
709 714
233 835
89 741
495 513
904 648
615 784
616 754
429 147
243 140
433 208
678 206
988 390
571 406
663 126
386 198
558 144
45 835
220 175
516 396
7 267
559 302
323 718
419 227
920 444
998 85
230 35
267 55
182 134
954 231
422 913
561 15
779 464
581 964
249 555
243 342
354 118
80 660
387 895
321 789
689 419
449 902
16 343
86 605
604 26
146 990
238 264
846 75
253 278
251 655
452 430
226 351
773 404
665 315
388 950
625 453
217 700
788 55
670 2
224 564
598 495
548 727
952 312
994 591
540 583
868 116
725 717
950 968
60 700
649 457
462 780
786 850
489 850
933 897
401 240
942 945
834 70
878 263
170 334
908 592
29 409
325 994
127 426
532 624
311 563
615 808
2 438
23 492
321 756
334 85
696 488
145 422
22 812
153 947
177 1000
122 264
505 384
236 368
990 153
884 644
352 285
206 424
746 677
653 87
70 235
272 190
1 400
457 246
558 172
870 834
135 962
139 302
358 182
909 830
24 606
232 705
343 695
776 618
555 887
646 578
620 963
215 377
254 193
183 223
918 790
777 642
483 673
817 129
780 787
824 739
626 531
219 235
845 883
225 639
280 21
262 101
814 726
564 749
910 785
983 229
162 73
309 406
510 521
917 215
152 79
996 368
967 689
453 855
367 241
707 140
313 393
907 719
794 82
656 122
668 400
122 918
360 799
488 340
345 237
337 627
424 764
266 939
955 877
104 258
13 630
255 551
521 35
649 118
907 826
912 736
30 959
911 978
327 235
648 186
423 724
320 347
52 770
398 818
354 54
743 560
688 826
105 920
566 831
326 48
718 46
601 408
319 745
178 123
678 308
995 688
66 644
875 166
785 178
476 235
499 698
232 799
486 916
431 78
11 775
491 959
699 370
936 832
611 606
650 594
478 715
282 382
605 100
552 368
680 325
96 28
867 825
999 300
358 444
590 891
721 760
79 498
686 334
639 744
86 554
824 767
72 100
389 305
48 509
175 956
146 550
572 544
298 893
794 614
65 670
929 309
181 32
272 772
147 368
314 387
357 225
744 340
318 459
302 972
607 893
493 159
172 628
711 545
437 360
833 435
155 683
318 37
321 199
592 277
839 381
198 527
610 583
129 728
973 648
522 785
320 409
318 180
800 915
812 925
570 517
481 650
65 75
728 437
952 189
682 490
956 669
667 338
977 670
924 419
636 885
886 245
766 911
416 761
580 49
628 948
972 486
709 725
268 413
315 514
439 324
151 432
823 666
429 174
196 591
732 521
895 79
515 53
827 999
650 788
573 841
27 767
672 520
675 699
842 168
124 936
36 246
755 758
276 325
315 425
120 63
338 10
671 988
505 523
641 281
485 249
755 871
917 444
440 317
34 354
572 297
400 632
20 817
703 604
98 893
742 50
745 238
46 517
729 901
196 551
76 632
771 680
176 174
358 698
803 283
449 731
765 469
124 451
220 558
439 716
924 940
419 746
764 147
548 700
988 555
959 122
63 433
820 796
893 482
803 966
593 494
252 75
820 131
734 585
200 736
494 390
320 485
302 565
467 12
658 437
611 367
574 97
540 945
118 173
355 173
145 159
121 203
386 643
498 735
545 990
729 105
838 709
179 72
296 172
783 509
515 883
367 913
156 735
271 21
804 339
201 994
697 997
929 7
149 642
386 84
682 876
301 327
193 582
212 230
529 236
531 823
369 95
70 136
97 34
426 936
614 457
559 440
248 178
266 561
692 735
656 132
205 572
656 120
305 110
714 258
324 932
629 181
666 161
867 736
617 725
870 129
104 544
763 819
239 338
757 273
741 700
776 816
430 593
125 71
56 690
720 617
668 969
674 342
729 993
366 194
846 72
115 510
632 212
332 739
391 687
916 126
539 973
996 300
116 475
728 790
696 736
53 45
297 673
111 219
683 426
567 444
506 675
582 864
215 777
54 393
833 458
41 638
86 30
439 543
656 104
590 414
14 218
786 851
513 521
327 113
39 317
339 607
835 418
527 24
397 323
398 164
200 875
277 797
614 990
761 634
621 30
532 625
97 898
114 544
388 297
672 116
66 927
710 476
883 952
990 124
203 282
706 687
834 408
528 595
212 36
303 847
19 636
144 342
631 747
562 302
965 819
487 51
126 497
328 392
588 542
974 515
996 991
79 933
260 513
616 751
871 393
356 938
801 803
149 791
576 109
153 204
799 333
514 175
219 607
58 339
277 179
227 812
637 573
858 826
675 448
492 472
698 931
457 983
851 131
615 106
525 382
999 267
361 115
112 747
225 460
175 810
918 902
25 853
45 362
690 609
362 766
988 862
834 628
96 40
12 708
253 376
823 652
238 404
973 31
787 295
591 513
340 780
651 884
584 337
358 940
309 216
811 106
8 805
855 893
398 102
564 209
215 175
324 778
834 171
429 645
411 902
673 367
378 223
130 645
887 340
675 834
228 834
787 848
58 832
40 843
60 920
83 751
230 578
861 932
150 574
277 531
995 802
135 725
961 886
528 703
491 269
13 57
767 270
934 899
758 71
121 2
588 514
19 777
717 693
384 485
758 865
228 724
804 73
450 377
291 22
226 240
899 343
150 335
153 89
906 569
694 392
931 70
514 34
477 400
244 397
742 388
193 985
970 563
720 674
235 94
614 66
933 489
48 111
219 246
8 973
689 490
351 573
262 977
228 166
767 646
863 967
185 36
788 115
632 379
685 655
968 925
431 687
185 405
593 112
260 321
704 951
209 367
962 167
789 846
858 116
34 882
539 723
596 800
722 551
252 526
579 178
265 446
657 620
851 934
393 322
359 539
507 876
471 905
441 590
869 566
956 670
743 710
544 24
86 403
308 649
889 342
338 564
579 526
88 51
362 446
199 801
459 700
353 145
26 361
567 730
201 965
753 656
827 905
204 712
840 748
268 109
205 902
540 385
912 24
804 30
474 985
165 580
906 586
796 682
46 441
249 819
158 663
396 280
514 151
328 190
23 987
524 28
710 167
619 422
733 178
148 376
79 288
943 651
141 701
223 853
242 962
45 289
101 599
158 960
487 908
437 151
475 76
6 148
210 499
391 842
949 876
378 274
744 290
923 917
177 587
989 748
760 716
543 725
637 154
894 571
570 853
328 600
984 654
264 800
707 468
48 599
203 273
38 886
20 485
266 930
298 3
282 652
968 663
493 932
209 629
356 492
284 65
786 255
311 696
256 674
596 538
388 423
562 598
434 293
786 14
518 601
577 179
115 13
175 14
674 699
457 365
540 80
556 601
191 784
161 837
53 735
495 658
496 340
706 763
714 222
516 360
934 971
426 47
541 683
287 247
378 24
780 436
657 327
206 364
54 956
414 281
971 767
488 962
257 194
634 730
263 44
551 729
733 150
951 67
59 971
742 76
615 214
850 997
466 986
675 146
772 824
989 558
375 624
133 738
851 437
121 848
837 650
87 127
16 676
163 599
281 512
781 903
627 459
371 649
542 96
1000 55
194 146
450 8
659 324
971 35
669 99
743 736
360 805
677 680
221 892
901 16
735 8
69 824
929 847
401 246
40 562
437 720
124 266
369 186
958 466
887 88
726 94
514 670
695 849
408 933
649 169
703 378
815 284
304 854
946 413
155 539
593 516
334 854
423 643
160 360
726 824
675 822
341 278
877 324
959 674
249 175
726 683
487 221
400 231
883 904
5 944
376 294
361 566
344 218
885 107
313 830
559 494
836 545
156 679
325 36
382 175
735 745
266 978
656 214
286 401
434 668
934 721
235 456
163 55
625 832
202 531
263 16
324 2
715 851
191 992
920 265
876 901
633 318
5 431
263 161
875 649
676 846
608 12
461 104
318 755
135 491
661 111
847 658
738 882
945 692
268 440
601 663
211 863
719 386
219 312
717 25
646 31
999 887
816 822
817 579
603 94
307 909
90 7
570 781
261 68
959 189
228 393
319 850
70 73
517 147
76 69
596 892
872 252
375 475
87 583
199 137
113 200
83 912
446 290
947 891
517 437
207 563
543 705
890 371
892 453
655 475
514 733
313 728
317 160
965 756
912 384
221 260
329 929
136 718
336 824
891 756
505 49
13 56
72 716
148 801
809 169
539 80
425 656
486 827
658 958
182 512
176 657
757 148
701 831
903 608
210 825
908 186
33 848
343 631
681 368
168 349
360 396
378 626
396 373
54 889
770 38
554 657
448 620
693 862
680 327
223 995
960 220
922 268
689 15
375 676
874 5
802 998
309 726
970 560
628 52
556 313
832 561
390 121
581 922
953 483
916 209
148 187
811 909
993 994
902 484
246 802
768 984
3 347
220 725
446 490
659 414
237 886
244 45
719 546
376 698
949 41
627 387
460 42
996 116
247 466
543 999
61 260
36 244
503 170
256 441
425 278
282 681
815 513
781 689
543 534
235 482
80 364
905 109
260 106
731 655
865 881
391 346
80 507
429 744
526 238
708 757
602 400
880 338
809 858
773 831
43 542
697 502
677 211
247 903
984 127
17 8
352 711
190 573
230 766
123 522
967 287
568 96
896 783
913 871
254 323
457 35
922 991
76 950
23 869
816 453
136 855
581 203
50 773
489 227
756 55
187 100
741 565
23 986
981 81
654 240
641 287
755 873
956 400
944 488
728 559
125 417
841 880
298 573
926 265
530 896
401 828
993 473
702 642
774 255
280 79
924 648
779 151
447 493
594 394
67 22
363 895
489 712
259 840
686 693
416 381
660 976
203 935
575 199
632 519
116 664
671 240
285 149
507 45
604 629
221 791
207 804
208 910
288 22
810 337
733 605
270 21
313 566
853 180
783 217
108 397
946 273
454 39
457 364
94 91
386 816
190 498
559 247
563 240
183 643
314 606
648 502
140 246
692 955
255 61
131 909
120 784
248 325
28 515
128 645
745 652
227 933
189 655
210 532
197 335
358 24
3 55
931 944
993 223
25 93
867 308
659 794
642 212
596 350
59 970
484 341
728 523
124 684
349 132
508 307
860 24
689 354
438 418
314 244
281 485
927 890
965 435
362 664
897 179
536 365
572 635
461 212
941 330
51 872
219 430
989 606
647 504
247 372
232 51
324 739
374 979
664 64
812 328
223 172
834 816
265 27
160 815
454 705
471 765
493 101
994 586
617 305
526 533
778 298
262 587
446 436
824 100
170 442
853 730
972 189
499 871
812 908
783 317
307 108
813 842
226 100
722 929
834 359
526 81
753 542
511 69
442 700
494 877
355 425
835 851
909 456
253 654
662 640
420 235
5 959
64 21
504 860
140 154
553 183
123 931
895 1
311 240
849 681
139 277
637 586
340 672
982 203
552 8
849 570
25 392
176 812
710 809
307 961
516 754
719 21
650 524
462 102
121 416
140 734
200 49
474 688
484 329
715 803
220 323
902 505
353 614
634 977
250 998
234 419
732 422
393 872
450 331
16 146
508 53
570 40
78 505
502 876
25 629
431 529
638 667
589 77
298 934
461 474
378 392
565 996
200 604
863 643
898 773
204 60
276 913
521 193
172 546
210 497
117 926
578 384
63 344
421 218
489 819
473 86
19 222
94 358
812 993
178 901
198 448
240 214
299 591
620 297
503 423
195 910
127 331
19 444
496 447
568 782
232 517
715 701
467 270
784 700
123 752
450 576
435 300
628 851
899 157
94 19
648 411
300 662
305 744
269 909
967 314
255 100
629 311
477 42
928 211
131 624
301 380
418 934
892 795
146 99
439 402
331 557
448 847
620 237
657 381
185 652
221 86
337 441
361 307
987 515
758 918
27 562
512 914
414 342
72 137
42 983
681 529
428 773
666 231
704 350
922 269
82 30
907 211
432 49
361 109
414 481
5 375
842 484
297 937
896 287
988 909
38 652
55 358
827 265
668 819
633 627
727 272
485 133
430 766
90 855
716 519
592 765
776 970
3 872
812 498
530 703
159 597
742 966
143 665
886 160
932 826
459 276
764 249
497 42
354 405
118 442
119 151
748 549
659 236
56 23
183 429
768 436
398 243
973 581
960 684
812 965
667 502
692 19
341 491
817 463
478 76
795 794
317 82
669 765
230 925
268 698
216 123
680 714
332 966
444 91
391 864
52 656
717 674
353 151
635 313
235 87
677 52
74 91
791 882
701 942
528 300
487 117
839 992
257 986
520 960
523 74
650 122
376 462
359 191
548 450
236 714
242 954
754 907
847 351
870 777
562 214
949 694
785 445
196 511
470 522
827 55
991 872
85 929
106 396
750 941
769 242
77 317
522 410
979 737
138 387
105 76
168 73
471 5
747 49
580 59
963 181
600 665
674 416
241 397
223 629
102 690
90 218
879 94
664 101
369 289
797 471
266 257
307 599
938 287
299 459
502 758
432 744
644 461
706 130
778 311
561 653
854 10
431 303
507 157
716 495
556 640
668 330
212 702
29 256
621 422
372 741
142 33
960 648
407 135
339 565
431 13
401 42
910 759
649 796
541 278
321 883
303 967
63 115
696 353
532 719
93 495
757 952
460 610
891 718
620 384
457 508
511 49
269 966
373 48
67 893
602 518
107 108
4 646
809 224
353 44
559 468
541 681
653 47
47 288
657 436
469 766
643 105
408 438
546 868
658 534
165 614
885 183
840 488
343 687
667 863
96 104
573 474
277 13
997 702
988 87
920 303
636 6
277 126
336 726
580 377
375 623
266 225
927 212
273 659
865 969
348 293
149 180
480 725
428 141
581 849
968 106
896 199
474 511
572 628
665 398
99 966
229 119
83 578
129 857
132 552
302 920
671 497
845 270
604 820
273 630
617 492
458 698
403 23
200 711
513 876
218 26
812 728
336 161
959 155
359 895
488 380
240 461
884 911
815 568
436 970
234 915
833 233
799 980
782 162
307 254
184 371
85 563
740 360
523 706
394 818
783 316
379 705
493 680
220 58
459 792
305 166
333 831
936 429
112 68
517 369
887 745
878 339
174 378
322 675
455 637
241 800
886 419
889 509
887 670
73 200
150 68
961 905
74 672
484 585
879 911
81 710
5 848
801 913
110 827
954 421
883 505
331 878
941 233
942 194
783 918
254 122
612 872
387 929
942 953
810 217
971 914
82 458
45 214
985 811
736 51
628 65
186 476
918 901
189 779
160 473
383 769
775 149
17 811
253 373
419 735
497 803
538 523
759 527
890 842
851 704
696 767
923 891
660 26
842 901
371 615
470 105
881 278
310 518
5 60
152 736
940 393
94 155
621 46
34 732
22 980
899 704
133 152
611 673
299 672
816 534
393 299
86 168
610 558
347 700
388 490
835 387
862 892
820 501
364 985
363 211
4 26
298 507
635 62
675 839
787 853
718 939
347 858
576 896
944 847
246 76
429 932
191 709
895 881
736 710
75 884
424 60
79 868
135 726
173 415
869 834
16 358
605 444
40 108
59 472
297 323
321 581
801 851
524 506
199 604
644 767
908 903
102 361
128 590
993 36
707 754
779 673
932 385
236 630
935 802
774 612
561 361
79 889
324 209
621 917
789 361
422 834
822 483
440 541
702 789
703 548
723 346
253 55
917 134
665 469
828 551
208 344
261 482
369 284
804 314
96 493
444 943
375 885
983 122
307 717
952 525
751 14
55 519
264 696
964 325
660 62
955 552
389 96
156 365
177 782
208 115
109 459
256 443
294 167
77 813
243 573
63 494
216 431
673 415
13 918
469 52
181 736
97 749
437 491
853 158
104 499
213 63
394 891
550 214
221 580
600 228
550 33
454 202
425 976
827 541
477 924
776 333
740 518
526 441
948 587
118 769
726 576
370 834
22 91
998 729
410 233
26 972
884 879
427 550
498 452
943 950
440 48
275 922
112 584
21 265
331 822
747 366
124 849
733 143
285 893
93 79
267 159
868 537
408 23
927 503
717 364
594 505
869 177
842 763
972 702
568 918
921 199
959 384
210 385
194 794
447 124
974 327
949 11
678 635
313 233
441 796
207 945
252 490
345 184
511 623
721 309
320 586
891 133
959 836
709 881
381 837
208 800
41 433
373 876
448 349
412 312
624 742
866 319
114 568
887 407
601 58
654 44
783 328
769 900
41 83
957 69
151 242
887 260
863 511
981 335
801 569
876 27
126 590
511 48
4 119
773 563
701 898
641 957
330 194
793 746
848 651
558 810
982 986
453 24
813 296
573 360
956 336
560 521
67 555
361 266
324 154
966 345
188 953
686 168
292 975
24 357
352 178
561 2
11 33
874 91
512 714
140 651
9 837
822 427
951 205
20 977
584 925
601 332
673 569
57 332
572 629
777 587
280 173
232 166
860 312
475 986
149 405
243 294
600 997
124 483
930 170
803 648
533 511
20 985
707 36
104 15
470 66
787 380
661 411
60 714
151 765
782 385
683 76
758 753
118 483
513 525
592 2
646 483
78 801
91 481
652 119
565 209
626 481
184 372
795 852
86 367
144 827
515 693
645 358
347 881
701 130
563 161
1000 517
348 561
517 368
403 944
758 460
28 323
70 962
435 323
19 640
629 337
813 618
59 674
908 770
784 880
235 30
285 449
454 316
757 189
903 633
889 109
529 204
801 807
35 263
666 495
760 510
500 57
304 356
175 611
325 434
110 824
525 120
831 888
84 687
579 680
422 730
646 583
876 923
956 491
371 189
499 112
674 873
361 119
608 912
572 827
42 986
258 655
43 431
760 75
10 316
910 875
200 130
272 639
789 54
480 754
941 283
465 98
693 394
399 275
744 494
176 362
820 515
379 341
684 210
336 96
564 520
121 994
730 816
877 703
973 236
150 973
797 414
526 580
618 749
911 138
313 121
654 261
406 945
303 299
235 545
768 426
824 326
403 641
958 461
619 711
926 229
990 802
682 499
773 984
423 723
890 382
506 135
363 274
735 10
995 985
156 893
766 916
123 754
450 606
75 887
151 58
335 265
905 562
545 523
74 37
610 83
633 818
856 207
16 502
1 582
644 760
468 399
836 512
269 877
571 469
55 188
737 973
754 869
166 767
814 59
50 796
701 731
148 525
318 801
232 546
413 531
675 480
750 804
326 512
954 297
224 966
650 558
561 505
580 291
104 636
836 181
283 863
323 794
909 575
713 134
346 473
384 182
965 87
854 945
141 742
591 338
828 544
763 658
395 359
125 252
91 52
309 501
402 697
955 431
924 726
10 50
392 334
640 52
364 634
278 854
523 321
485 502
12 970
660 942
644 491
830 506
583 742
731 275
844 18
846 576
805 831
65 221
66 142
51 286
311 848
238 781
939 447
765 993
549 692
295 160
117 658
47 187
285 754
990 937
645 370
460 632
468 83
434 31
87 827
202 3
899 251
826 953
259 88
500 300
320 90
943 226
585 962
89 659
420 45
738 607
921 448
889 436
562 498
856 171
197 413
54 574
408 604
357 583
343 532
924 867
930 614
438 776
745 550
796 678
267 432
250 600
2 959
336 605
978 420
651 278
780 242
124 532
548 150
441 293
733 216
401 928
33 728
370 263
262 151
91 483
953 508
346 385
337 103
289 900
950 467
932 634
241 387
848 373
521 593
370 233
450 177
860 452
402 812
295 59
152 315
635 972
988 941
196 796
540 633
977 817
359 853
588 333
138 437
190 49
797 247
285 771
34 517
143 485
388 28
30 617
89 51
210 301
623 426
496 27
356 639
194 334
2 430
882 675
666 980
4 211
297 111
28 201
515 745
576 969
631 877
13 236
508 932
434 3
786 300
330 112
593 830
80 663
634 34
748 94
14 686
589 990
291 871
844 585
518 782
46 255
619 203
322 895
842 102
41 925
260 697
373 336
585 216
478 757
872 780
840 490
345 908
516 219
59 94
390 282
92 30
440 615
663 715
427 803
484 336
15 552
673 568
381 169
242 881
688 27
444 993
215 38
271 880
780 730
720 283
977 140
25 527
467 842
802 465
981 252
345 362
610 665
114 488
646 337
316 556
778 297
291 776
468 727
480 698
269 418
98 361
768 463
454 998
965 770
592 3
862 433
123 761
507 808
916 558
649 173
78 849
88 977
930 734
218 604
301 443
144 818
92 920
57 715
188 441
618 739
72 724
435 322
41 223
886 417
773 970
731 712
391 407
75 936
348 398
747 122
783 754
404 977
723 245
795 256
512 794
255 51
827 147
945 369
97 434
903 286
338 60
470 705
903 390
130 844
261 746
888 18
335 793
618 135
410 448
413 959
642 183
898 301
239 381
223 792
3 595
25 175
617 837
634 621
451 133
414 27
860 255
766 316
349 638
297 963
120 346
984 771
456 11
772 792
168 816
423 424
869 200
945 680
995 33
842 816
590 178
498 122
280 313
686 641
466 732
734 857
938 125
55 594
938 322
460 2
795 540
824 293
346 937
478 728
855 821
99 339
651 760
33 161
676 118
39 335
854 48
17 373
693 847
477 611
691 725
51 178
930 627
623 482
494 562
891 106
479 314
687 769
264 169
598 164
18 1000
844 348
511 654
463 854
305 668
749 345
933 18
348 534
809 28
493 539
944 821
163 199
343 813
930 964
827 608
248 273
945 477
212 180
784 861
335 998
515 991
866 953
23 236
45 884
581 322
374 704
469 692
317 608
160 861
641 646
628 274
774 446
277 210
413 530
487 641
951 22
845 559
278 276
745 318
471 141
953 630
898 305
93 699
8 867
599 753
984 880
437 190
475 103
828 545
484 255
620 707
972 660
681 833
439 625
299 194
135 344
267 928
171 12
52 313
381 435
219 280
886 656
994 120
962 160
748 657
768 361
436 15
845 341
782 382
506 343
489 899
457 794
186 933
207 765
753 79
26 545
317 510
924 10
66 830
963 564
820 459
713 297
190 691
249 265
601 220
503 388
126 705
236 1
64 178
356 698
197 378
308 517
407 947
353 5
117 36
335 413
102 440
818 73
585 850
503 859
279 362
102 267
903 833
629 42
62 985
466 62
612 851
386 287
614 257
318 962
961 657
186 176
559 625
873 282
270 784
841 884
219 184
516 836
974 56
685 955
558 315
82 400
450 492
513 202
167 777
573 774
902 452
634 54
82 291
764 971
567 723
894 322
269 940
522 251
543 323
413 58
633 808
803 750
642 560
807 206
152 316
744 182
172 967
265 227
414 924
694 946
536 162
792 204
426 54
213 270
659 156
739 970
132 228
942 813
484 727
255 532
27 375
69 720
910 446
588 44
222 502
901 217
406 745
634 409
105 824
218 633
471 793
829 423
192 852
155 88
909 335
257 744
352 554
865 160
892 632
197 350
382 986
631 797
852 222
145 332
740 907
66 710
966 445
805 881
358 141
932 116
291 68
520 590
707 716
634 372
684 676
854 796
121 392
249 579
950 227
663 714
558 484
310 137
551 677
92 142
719 851
941 309
357 62
485 73
513 214
769 76
621 318
208 290
820 553
272 819
437 103
494 104
924 543
7 853
394 362
858 279
697 147
773 302
540 559
273 790
284 412
677 595
787 495
536 813
22 763
740 388
959 775
636 213
657 952
790 764
627 522
841 498
855 554
70 806
342 987
861 553
952 891
256 818
611 30
351 795
592 481
175 41
820 306
715 44
79 653
26 315
300 686
317 776
815 121
84 245
253 650
415 655
36 880
678 259
814 323
374 330
970 69
303 133
827 948
331 517
207 158
301 421
12 88
469 671
718 526
849 685
900 575
687 273
656 203
283 857
452 934
590 580
119 948
968 348
866 615
480 406
245 666
484 486
763 981
659 826
481 695
582 432
629 772
522 462
206 111
926 356
729 854
767 906
860 248
491 647
864 251
257 451
388 627
357 210
465 96
284 572
12 627
626 925
788 508
883 54
439 620
133 705
480 611
725 807
979 523
86 739
825 881
374 31
155 934
247 340
533 191
414 837
401 538
95 640
668 632
286 59
122 558
229 842
530 633
345 669
234 720
644 497
612 397
26 808
707 403
358 817
160 716
180 49
91 918
221 859
590 508
345 103
790 809
757 682
973 605
441 564
596 744
522 759
134 753
428 982
947 894
910 779
312 711
956 752
973 558
978 856
498 654
28 131
144 896
718 942
40 817
593 603
613 616
209 850
47 22
863 208
921 633
210 528
852 167
482 145
602 586
193 290
939 785
191 747
567 637
568 581
737 850
40 510
295 798
296 904
957 365
227 912
217 574
106 867
396 483
474 975
93 103
853 425
736 312
345 569
876 402
783 838
606 831
917 304
182 214
77 388
24 304
258 916
429 263
965 341
290 207
917 18
367 463
423 361
704 449
279 773
375 592
984 881
548 520
167 951
59 871
285 505
416 392
16 594
596 922
760 839
725 827
64 846
254 810
341 962
805 566
396 773
56 846
149 459
171 15
601 758
363 807
750 465
747 36
225 942
470 392
421 992
886 904
855 799
497 447
101 671
416 350
285 942
269 489
507 866
255 704
420 619
203 109
792 574
132 39
818 514
820 468
752 258
5 320
178 408
192 841
100 578
191 661
326 388
113 457
869 786
481 824
342 626
572 72
852 187
835 815
31 998
235 75
411 633
236 288
768 189
258 158
847 320
761 135
923 144
706 512
781 82
933 279
595 264
875 954
597 730
745 644
432 356
692 706
157 127
741 943
448 990
971 445
185 541
439 144
859 685
197 846
605 65
52 26
571 209
186 177
421 822
996 578
893 966
196 10
149 156
888 186
690 592
590 394
569 609
668 787
885 531
532 189
447 488
289 922
242 986
122 644
285 78
986 493
879 90
294 24
845 22
441 944
810 833
501 736
467 944
811 27
360 207
821 78
623 214
825 139
649 469
317 319
209 478
372 958
393 279
85 401
783 6
915 121
414 703
226 891
874 959
543 902
252 370
204 208
539 467
422 245
958 395
209 760
818 550
741 545
752 302
597 186
636 912
332 672
199 882
203 375
631 879
482 162
195 988
126 589
911 561
364 194
292 423
636 630
583 153
804 346
698 709
145 323
79 974
245 498
211 190
913 838
311 235
576 24
760 485
361 382
389 76
888 393
887 837
693 864
822 652
35 74
722 804
573 470
97 261
225 328
979 773
222 473
612 967
760 50
832 719
263 187
211 762
124 681
676 848
915 760
927 237
862 959
439 922
576 856
63 798
689 475
894 492
879 408
280 176
559 874
734 339
587 865
705 900
399 169
57 450
720 398
832 524
733 937
815 881
372 589
836 316
696 743
255 836
664 69
195 349
859 226
403 392
886 729
741 202
838 860
454 597
551 121
42 91
833 879
939 512
610 518
701 445
761 658
647 955
482 501
700 635
481 715
674 614
843 101
829 458
558 760
632 996
407 20
139 666
801 617
325 891
397 94
331 294
204 552
170 616
321 716
50 386
460 671
594 711
294 569
776 264
151 384
232 924
430 73
936 676
571 605
473 682
171 811
721 684
151 497
509 321
880 859
402 986
280 673
577 733
158 582
54 663
149 897
666 29
116 468
684 31
245 744
818 368
505 603
804 163
698 938
55 123
355 659
872 520
465 470
871 842
160 644
250 880
649 104
36 491
870 390
998 331
270 632
223 568
258 835
105 153
802 17
876 898
77 181
403 198
546 42
603 39
271 967
823 570
671 579
900 745
843 605
100 107
857 432
513 844
772 719
898 798
261 78
216 471
927 665
345 245
915 65
424 740
14 185
623 383
779 549
395 995
536 953
424 371
276 764
268 572
721 603
528 904
623 605
990 944
576 900
592 789
406 257
763 342
654 235
142 319
96 892
311 412
576 819
260 974
464 801
540 621
718 841
619 772
377 241
840 759
288 654
715 297
22 123
905 785
448 836
233 466
585 773
303 590
396 412
804 481
935 841
628 749
712 398
429 100
586 69
253 864
73 458
495 932
372 82
139 317
504 458
710 782
828 733
928 60
923 755
339 504
474 657
883 247
760 106
599 755
546 911
379 951
807 454
647 25
225 594
464 246
745 139
65 804
747 565
622 451
159 451
916 78
521 179
190 431
963 109
391 748
858 349
197 685
915 782
328 724
777 785
851 736
952 265
789 666
940 646
412 100
511 631
612 418
373 515
65 242
252 305
697 420
919 568
55 854
42 19
317 395
212 679
213 74
270 3
716 87
800 26
857 223
565 278
109 890
905 992
445 408
378 109
416 642
274 352
353 313
717 970
468 94
343 834
456 574
205 861
931 559
568 755
224 441
959 937
281 176
156 610
840 531
88 344
676 377
476 199
480 130
637 701
279 356
83 95
583 474
340 345
40 362
757 483
775 644
617 651
136 861
140 957
328 165
571 355
704 256
408 381
476 326
928 68
1 242
510 284
797 768
668 196
22 296
650 705
12 470
348 350
63 997
300 473
618 108
910 806
486 500
693 49
662 491
384 156
285 476
983 165
930 19
756 122
314 316
81 95
372 618
840 902
275 459
224 545
985 690
752 867
553 854
241 226
574 700
223 278
821 77
643 869
146 439
934 292
458 613
603 729
904 279
209 477
981 791
963 756
612 636
169 895
684 417
306 916
639 764
30 210
661 41
312 785
739 170
367 757
759 55
597 200
947 953
399 155
749 509
155 15
273 90
131 324
80 620
62 300
577 751
786 408
203 650
80 763
429 1000
981 331
766 979
969 759
531 404
187 635
166 457
221 503
574 421
248 331
835 923
936 658
783 667
445 319
43 570
2 124
442 375
572 44
799 337
723 960
275 845
420 290
439 70
776 730
409 23
550 924
205 645
758 979
870 185
926 767
819 589
15 900
20 896
695 38
642 174
280 915
84 629
233 85
340 991
845 838
480 746
690 629
964 84
569 636
875 224
536 371
242 876
445 713
176 322
929 260
413 107
198 899
646 923
974 308
928 604
618 354
