1000 9904
926 187
398 368
369 448
542 107
302 780
86 935
582 856
801 44
960 971
78 698
137 164
928 169
843 774
515 658
657 958
431 447
948 203
717 946
973 520
499 877
406 651
194 337
337 866
307 114
389 632
526 91
735 931
222 242
408 842
406 469
729 254
857 817
329 200
827 601
581 324
938 594
633 794
638 399
423 857
735 833
116 311
957 327
904 685
389 89
876 281
852 423
331 660
887 132
139 345
747 12
699 353
700 158
921 223
889 208
414 380
552 413
572 832
576 259
353 670
372 238
656 491
381 719
152 750
771 970
612 996
633 455
910 879
700 211
470 934
381 217
171 263
172 212
135 480
428 366
671 178
412 32
627 142
51 480
258 941
483 953
872 295
711 790
712 176
533 430
350 698
976 773
594 332
635 536
228 82
393 995
379 198
536 109
497 183
649 306
225 896
411 707
801 95
285 166
426 782
424 598
336 130
997 371
449 74
885 367
68 601
345 244
181 870
648 837
276 526
687 556
273 768
166 85
665 858
192 752
657 922
571 956
838 961
809 871
60 447
499 841
887 122
743 730
688 676
429 526
912 616
325 973
643 488
458 238
23 410
728 192
912 664
539 184
633 837
245 151
549 733
451 776
979 944
785 24
967 304
139 959
495 136
814 349
706 570
67 824
657 486
896 826
723 805
136 979
943 808
579 999
253 910
348 934
421 574
685 289
779 676
671 850
379 856
487 301
163 75
715 534
653 340
344 436
497 646
405 123
797 905
777 671
84 574
904 17
551 670
642 150
37 832
135 439
162 499
660 374
238 350
595 795
320 935
137 727
980 743
91 8
275 321
367 175
759 633
46 976
655 930
363 904
234 528
91 185
566 697
789 808
494 739
411 574
323 346
821 455
730 201
147 232
481 822
725 539
281 882
616 325
893 438
160 877
747 995
184 99
855 179
735 295
485 932
941 848
646 844
829 303
646 431
830 216
726 819
468 889
549 688
550 203
79 545
43 535
191 663
840 935
621 222
749 425
397 20
143 720
2 452
165 8
905 449
799 713
502 219
984 70
503 566
126 599
109 923
700 258
295 990
527 877
672 291
305 782
767 298
696 425
869 782
279 246
62 738
244 590
782 731
897 250
843 411
40 476
758 810
762 281
46 86
124 818
31 774
178 374
469 853
348 906
318 886
905 925
822 678
509 249
292 833
205 736
685 150
147 687
547 205
609 388
277 589
496 891
414 23
978 51
870 109
233 120
824 821
823 953
491 688
167 693
224 853
483 736
651 970
31 346
807 485
445 676
119 525
301 960
730 833
993 624
341 996
713 529
551 881
418 367
38 908
702 487
16 707
392 366
880 168
11 452
323 310
237 228
733 767
294 373
815 701
617 350
502 712
927 707
863 705
705 675
212 597
43 26
704 880
574 927
282 519
551 437
166 179
688 669
667 161
143 647
231 11
630 257
304 817
857 939
344 18
75 162
80 764
252 794
291 922
808 240
900 288
994 199
153 989
338 419
671 615
468 226
253 596
218 777
235 163
439 419
657 525
331 753
904 690
615 778
230 364
253 965
948 731
934 594
24 989
264 812
966 451
338 207
935 784
1000 86
957 516
600 319
763 861
571 142
331 969
225 334
7 402
447 731
253 152
694 718
646 751
662 526
940 968
686 284
249 561
250 858
253 9
626 741
958 142
458 622
154 612
784 499
345 547
574 816
555 432
205 119
423 384
29 777
102 705
103 664
114 179
431 266
439 698
208 180
172 791
621 576
843 586
772 582
459 325
960 814
560 424
542 104
191 154
428 568
821 63
345 366
831 555
406 831
869 259
63 476
319 806
752 543
562 784
485 667
222 326
773 94
5 484
514 928
736 978
240 161
312 814
701 300
614 983
778 567
911 881
94 175
776 44
377 505
688 514
572 430
238 654
60 250
260 980
175 155
397 173
456 631
802 928
679 731
313 934
649 540
838 56
987 798
272 25
454 305
628 612
338 278
283 699
639 164
214 729
607 410
455 921
810 696
261 820
260 665
580 534
583 413
576 547
988 275
771 815
684 756
650 932
407 587
304 232
324 165
519 714
900 856
560 953
361 122
452 71
418 979
737 247
828 682
274 325
453 571
203 728
681 984
388 638
814 732
410 750
103 559
675 182
290 392
640 596
920 47
495 449
815 934
281 635
836 387
108 874
508 76
716 617
367 251
299 107
765 404
806 638
219 304
497 182
133 992
315 773
941 585
199 355
165 479
355 929
433 799
985 282
635 289
238 878
792 756
868 225
325 682
397 269
604 683
916 225
424 373
242 420
406 549
891 49
745 174
808 539
420 961
810 201
151 851
464 517
502 77
621 249
308 702
554 178
916 957
350 17
118 29
711 8
469 493
753 786
611 140
631 849
690 562
468 171
136 597
775 181
679 767
495 722
597 53
525 851
767 390
37 267
714 168
188 169
908 178
233 464
189 887
549 160
110 878
991 607
979 127
784 127
748 320
221 192
206 172
471 386
73 983
969 134
733 165
771 920
811 743
585 502
626 730
383 973
106 290
883 102
941 378
745 137
604 212
793 465
30 442
586 714
272 894
534 634
11 788
261 142
726 466
104 61
141 128
52 261
539 900
76 131
96 705
795 727
29 19
17 555
623 191
534 836
830 511
268 83
407 410
307 798
289 319
398 75
96 527
186 929
337 587
489 784
878 346
687 688
844 926
332 240
667 300
423 754
482 42
209 802
885 70
689 604
710 386
839 42
307 429
171 178
390 868
856 402
710 285
876 45
731 978
198 80
625 452
383 476
349 220
478 480
979 317
31 880
141 240
913 863
878 769
457 43
398 919
740 866
27 713
600 181
710 78
33 882
126 129
823 357
92 273
555 907
450 64
684 557
782 577
340 743
968 264
362 123
89 801
737 93
810 771
650 636
783 259
177 824
525 300
675 387
714 359
54 972
81 321
634 574
347 773
447 311
196 117
548 226
641 384
337 735
380 318
849 293
600 753
105 53
237 560
976 928
885 528
65 711
707 784
469 10
176 202
868 869
356 81
102 693
983 20
363 887
897 329
707 78
981 563
752 869
950 758
717 217
864 627
994 958
117 829
81 383
708 940
765 717
407 484
94 418
180 851
375 490
462 118
342 209
713 963
109 58
994 640
584 366
401 146
75 71
811 331
619 642
801 465
770 640
109 860
810 129
403 557
834 283
84 366
714 997
199 879
184 444
220 9
633 659
45 517
925 993
744 984
630 32
658 879
770 853
734 2
424 137
460 895
47 297
454 357
311 228
828 50
875 638
305 11
468 449
362 204
456 393
594 915
187 43
135 843
710 965
288 918
115 829
708 302
324 23
987 497
111 809
58 423
499 12
243 97
686 285
292 580
370 292
814 705
730 516
107 975
953 291
384 994
354 784
885 756
46 926
621 942
68 818
90 790
331 186
370 6
157 100
842 872
238 113
892 476
940 269
532 750
542 105
638 758
494 334
722 597
1 387
925 16
163 776
693 116
17 755
345 158
570 993
293 326
388 296
687 522
256 784
455 54
738 684
963 611
251 181
231 504
311 663
863 474
905 318
31 314
198 367
606 376
311 516
256 822
758 343
848 639
209 874
283 495
530 100
587 29
202 245
978 914
563 212
62 393
38 344
754 665
691 184
771 112
187 361
802 646
987 654
847 426
280 676
886 324
944 763
338 166
46 399
965 91
624 339
861 26
645 777
940 655
651 452
889 849
67 525
538 426
16 829
14 273
560 954
561 471
428 74
845 919
595 144
836 238
881 963
589 402
774 300
29 891
590 4
371 846
462 699
104 947
161 156
822 171
272 787
846 221
315 919
669 316
800 565
379 216
90 157
952 368
260 244
665 653
43 97
65 937
428 541
841 382
553 940
637 774
206 606
855 701
566 462
950 553
494 469
597 428
155 329
907 934
941 518
380 139
402 162
367 702
960 600
812 985
760 394
66 215
142 224
308 264
994 315
909 258
625 253
344 972
368 98
322 623
377 190
89 264
625 334
773 740
882 30
351 904
128 193
321 685
340 127
141 122
895 207
307 366
944 953
468 283
822 958
698 760
421 683
885 86
827 812
927 337
710 99
262 722
991 606
121 362
767 231
258 331
202 348
378 567
706 845
836 812
432 90
415 163
371 159
119 773
429 259
894 73
137 580
484 277
929 480
395 268
345 745
381 251
238 348
756 409
902 477
315 725
656 759
802 543
471 494
98 694
517 570
681 836
280 235
870 304
938 400
152 293
744 351
638 703
430 873
995 430
958 806
841 6
699 646
350 950
756 605
669 34
816 602
217 995
234 835
164 702
934 398
972 85
647 623
29 308
711 312
566 581
343 695
536 920
320 259
156 953
17 485
203 510
411 237
285 716
807 587
796 248
32 853
593 980
910 440
481 466
1000 978
70 12
573 123
900 733
889 446
62 736
266 689
856 177
434 891
697 839
814 238
562 127
488 752
583 471
514 250
537 651
940 704
814 89
945 222
842 302
612 856
495 836
760 171
337 302
637 763
49 114
802 912
452 9
452 186
239 323
266 245
323 990
803 38
16 916
309 305
129 171
737 318
394 799
11 139
394 17
894 500
771 661
612 525
653 53
326 223
251 767
986 326
350 737
793 286
778 74
941 750
271 907
347 305
336 46
542 114
169 578
846 900
40 860
736 802
644 437
39 534
388 139
871 900
433 806
380 413
810 760
550 154
308 337
612 167
211 639
764 362
307 27
643 405
353 489
942 643
299 911
728 267
502 138
507 608
588 783
758 507
563 251
106 626
554 794
224 489
296 38
823 426
221 500
168 224
92 721
482 896
853 767
892 859
933 1
272 78
382 185
187 445
461 566
118 663
214 982
486 75
213 641
415 69
110 807
292 784
738 288
280 760
408 301
99 451
823 249
64 718
429 314
887 734
182 146
516 662
78 35
940 970
172 92
444 665
600 607
534 342
422 540
205 484
647 205
443 467
485 116
141 808
572 524
279 958
894 355
396 890
971 642
369 372
94 776
526 704
211 845
986 461
895 158
613 42
405 629
618 752
121 952
507 83
270 301
933 595
533 361
498 818
371 512
1000 432
928 317
760 254
693 115
52 109
281 985
565 169
97 701
544 380
212 730
752 888
566 525
139 769
956 856
905 398
550 96
630 146
939 667
45 616
178 75
430 77
306 372
509 492
574 682
371 503
79 942
373 141
657 392
625 540
383 356
239 566
870 894
945 149
304 283
512 911
755 699
681 572
702 918
633 347
797 930
779 411
980 488
876 585
550 782
220 421
115 137
408 39
54 692
854 940
145 616
381 214
718 207
777 97
814 738
798 167
102 784
485 104
395 368
894 268
852 260
440 359
290 505
533 427
238 864
270 414
825 997
830 374
139 150
527 306
324 607
329 883
699 637
521 333
617 276
472 837
479 2
834 15
982 127
604 677
808 654
950 985
956 542
795 920
298 336
895 539
347 805
296 305
391 25
868 449
191 636
699 469
959 842
621 136
154 341
799 615
729 223
371 132
456 661
359 558
865 303
277 393
335 391
853 710
767 384
783 687
127 33
611 876
206 400
540 432
395 835
514 279
309 905
1 456
789 415
937 360
804 982
840 473
254 15
681 655
990 387
371 241
227 885
67 744
537 456
538 947
387 901
825 581
295 439
116 202
617 811
150 535
534 649
183 469
779 242
233 844
894 699
200 387
736 40
682 523
789 821
593 220
168 929
48 727
357 339
413 449
72 118
220 973
920 811
785 988
8 677
171 147
273 43
656 805
640 442
324 947
740 123
959 219
446 490
32 426
696 897
814 703
678 817
96 364
561 745
639 708
877 79
304 953
1000 678
484 543
105 838
482 967
237 321
360 660
201 656
444 108
209 945
191 737
108 65
127 231
255 434
383 73
421 364
459 681
98 491
649 969
979 334
84 42
250 286
748 113
625 506
974 727
166 560
922 946
260 573
83 498
87 93
672 661
24 964
443 10
170 846
173 157
838 145
2 7
813 333
870 774
266 912
50 827
114 157
509 246
149 965
10 413
873 371
945 46
880 581
447 305
712 926
91 331
608 95
516 834
756 79
208 429
707 901
471 436
600 755
964 124
437 156
137 752
944 192
467 986
377 836
29 979
671 260
858 317
587 969
287 527
589 187
846 794
884 457
133 917
356 34
357 375
901 11
327 355
117 827
5 702
228 484
292 57
465 960
137 140
946 650
407 829
345 477
99 510
263 837
472 172
920 596
830 251
852 919
355 217
375 266
967 70
146 228
977 758
796 174
69 508
51 97
956 804
639 139
865 167
931 638
714 882
905 627
727 984
78 546
715 356
629 502
829 244
151 488
500 190
317 960
892 852
399 978
862 356
75 530
888 287
304 368
590 626
6 288
154 169
799 226
250 647
396 311
792 267
457 807
205 181
153 30
300 155
104 556
124 567
231 877
750 999
825 524
899 640
775 906
832 708
462 387
45 233
689 815
379 611
825 637
540 245
258 594
318 706
817 225
105 23
990 548
647 93
975 624
194 967
964 231
824 562
362 529
890 831
506 580
488 71
752 820
808 998
825 968
777 813
405 628
346 988
919 535
778 321
608 894
730 70
787 501
200 697
312 979
259 588
730 225
118 507
624 548
13 581
717 783
548 954
351 99
777 408
743 861
319 513
285 913
696 40
429 550
726 964
253 217
329 402
126 89
890 213
528 560
891 884
939 666
118 274
544 202
943 50
32 926
252 825
770 900
753 708
738 112
577 438
1000 359
580 883
866 624
650 549
688 908
170 887
541 644
853 658
432 338
487 436
843 420
737 953
915 660
321 23
88 387
606 837
275 877
148 485
300 232
604 318
509 190
419 138
58 470
497 670
576 263
405 99
319 183
564 988
776 83
552 272
606 615
522 633
712 982
688 644
988 931
203 733
336 314
157 425
779 120
29 889
727 262
879 273
379 508
505 809
162 90
626 919
73 621
627 146
748 780
883 60
372 575
961 39
802 42
159 635
825 891
510 645
494 14
573 953
171 25
673 831
750 319
716 242
982 351
283 396
834 874
972 324
198 653
630 640
242 193
639 850
90 445
327 440
631 238
692 402
485 700
895 693
643 718
645 261
700 933
61 893
687 665
598 76
621 101
52 864
313 628
957 163
407 198
670 600
285 742
662 600
785 837
496 425
403 615
44 871
231 275
415 728
188 70
725 153
563 50
800 320
261 957
18 645
131 958
767 882
216 299
852 28
230 344
468 293
456 741
442 440
922 974
649 654
675 650
326 862
220 245
37 409
197 13
918 114
84 868
177 14
909 853
1 376
55 37
24 647
187 85
353 845
304 151
582 318
567 142
634 857
566 967
12 303
736 121
771 554
976 552
977 257
101 153
546 967
488 850
125 3
586 535
913 794
772 852
779 100
780 955
216 892
275 325
257 338
572 317
974 449
522 206
82 713
157 185
731 220
168 930
579 384
387 50
216 666
730 814
665 623
177 614
65 907
330 221
639 993
20 469
901 460
61 703
190 29
337 575
434 467
696 898
159 770
631 452
7 718
826 764
703 342
708 796
455 393
442 792
744 684
875 450
947 977
126 712
821 552
790 553
62 388
996 992
122 115
752 230
421 363
294 747
763 486
585 970
69 313
514 470
382 816
511 148
991 670
80 818
923 150
118 798
654 490
359 32
631 558
373 324
651 692
75 710
477 294
81 517
337 403
27 635
943 953
729 581
628 381
131 713
228 579
892 211
48 217
157 744
185 769
224 873
940 119
797 538
983 819
551 527
886 680
564 261
450 278
938 483
223 639
703 801
872 355
925 231
447 103
820 963
877 750
641 670
966 833
647 286
280 376
635 964
708 792
74 892
789 697
588 956
744 204
470 687
998 705
894 950
754 93
94 522
4 790
905 37
545 30
858 774
471 560
75 491
900 232
39 268
383 694
321 47
963 648
791 533
571 907
308 339
919 576
166 145
497 302
66 797
775 778
624 799
142 222
478 22
647 883
192 939
203 81
737 577
934 229
614 777
706 348
631 794
814 302
892 742
841 332
432 260
22 141
126 108
44 589
960 78
268 5
932 236
515 28
409 105
780 424
28 645
35 872
154 902
386 331
757 278
324 131
736 195
336 561
637 669
505 562
457 951
99 786
408 205
484 344
871 860
693 524
769 212
129 181
811 945
974 31
121 755
710 629
489 375
976 621
645 230
988 847
241 470
669 420
588 958
507 375
974 313
264 55
820 935
893 183
949 197
695 481
328 529
239 729
298 969
981 724
911 185
584 935
60 707
665 551
560 315
869 271
263 650
512 190
487 927
743 975
744 951
322 245
507 179
125 736
934 468
27 296
216 287
52 909
971 81
310 464
830 148
977 576
528 930
32 177
86 356
126 689
456 925
899 797
666 560
739 90
902 656
835 719
349 988
400 324
93 457
101 974
416 574
477 987
577 437
541 530
162 949
988 457
273 500
438 942
314 744
72 954
254 390
936 195
370 643
432 290
936 650
820 459
326 898
535 218
760 374
690 417
935 897
261 722
228 539
176 950
451 252
663 743
832 545
543 93
582 509
16 990
664 794
183 322
500 714
667 657
651 52
963 230
431 964
984 779
312 436
632 253
483 397
154 759
251 697
638 823
34 897
162 202
271 860
882 381
366 90
261 150
925 175
821 494
604 786
928 612
53 133
200 583
221 803
973 372
556 796
639 861
638 608
349 33
74 519
513 990
845 314
630 560
761 711
674 930
184 170
916 603
739 152
189 167
130 400
138 743
573 847
684 975
899 1000
882 656
798 900
174 692
503 440
161 575
371 614
83 762
730 415
558 905
214 922
862 3
268 38
597 862
63 161
791 114
171 781
316 338
596 995
31 898
932 36
382 247
853 550
470 650
417 638
453 360
805 899
266 550
940 878
667 942
500 917
690 325
14 827
326 633
370 393
203 772
653 753
67 379
339 510
161 434
883 253
777 680
729 688
525 742
927 150
803 412
732 494
614 444
437 134
759 967
788 415
681 841
612 763
355 658
543 343
82 601
835 45
968 906
74 857
962 4
179 601
960 874
782 471
622 150
414 571
952 510
57 222
419 963
958 180
62 73
711 420
532 361
369 237
502 899
194 496
820 44
768 399
627 602
991 197
630 399
977 639
711 202
622 867
530 687
290 846
459 845
44 949
298 453
192 832
47 66
810 312
978 966
392 895
579 765
265 613
583 29
455 686
597 897
467 164
676 272
865 329
95 468
631 174
465 571
672 663
800 476
70 146
308 803
44 505
344 631
201 210
40 336
741 936
607 725
139 356
749 889
594 826
465 374
71 802
811 711
629 852
297 865
392 727
337 165
328 905
236 882
202 942
495 39
522 385
188 706
168 865
34 86
102 681
897 333
848 509
940 293
128 317
622 809
241 228
6 306
29 243
748 749
273 673
338 969
337 538
781 713
473 106
200 750
826 558
791 528
554 210
912 663
251 173
50 319
580 728
333 959
874 969
718 218
108 385
221 702
368 94
85 731
795 243
951 967
84 362
502 137
105 245
257 736
717 746
20 77
579 729
82 297
732 733
643 180
576 881
353 200
993 547
580 793
971 726
892 743
22 130
683 708
188 254
64 436
563 922
430 157
719 231
460 970
562 30
269 684
984 48
58 321
130 210
443 153
652 115
836 976
571 133
466 173
726 714
162 338
915 656
435 858
239 352
594 177
25 218
465 483
77 214
654 946
15 672
917 196
685 808
798 217
176 376
621 938
444 529
424 802
452 413
346 184
661 207
630 920
850 760
742 810
727 66
388 901
80 862
612 258
578 750
720 314
11 487
479 516
942 402
548 710
18 313
804 330
453 902
347 399
622 561
8 383
392 158
833 637
654 262
627 756
129 737
388 106
524 860
838 998
910 499
713 995
660 734
311 866
976 347
260 44
463 551
193 71
871 713
606 493
807 814
666 910
369 774
379 247
999 518
377 275
909 282
105 796
353 266
528 562
66 913
182 791
165 971
760 899
478 130
463 234
747 119
55 434
90 292
145 407
516 162
149 583
979 264
687 59
585 897
879 803
952 720
684 979
975 252
886 297
379 65
248 365
728 951
163 481
729 482
583 267
469 679
254 391
843 422
19 872
850 374
444 491
138 984
709 433
158 585
913 692
951 404
148 487
530 582
917 705
997 630
444 602
173 116
585 76
864 405
352 249
421 562
543 207
448 652
656 481
875 759
825 558
609 455
737 266
96 254
120 244
67 303
965 266
803 483
695 177
98 823
10 181
543 493
480 119
413 216
529 663
931 263
128 40
422 654
860 722
357 427
855 444
33 493
217 911
510 651
336 90
933 961
247 300
484 34
836 287
765 431
513 980
73 845
402 877
579 55
321 347
85 418
745 610
576 312
950 690
556 797
211 428
668 487
873 935
468 653
420 744
534 812
21 983
761 710
905 96
247 227
69 783
655 8
778 581
449 217
973 216
136 413
69 545
326 400
329 396
790 515
900 455
454 831
939 362
623 715
386 972
424 39
175 186
767 316
131 488
37 165
121 415
75 77
409 183
413 711
641 620
948 664
111 542
519 270
687 317
728 770
310 480
22 404
704 315
577 547
742 295
465 265
282 321
525 259
839 424
840 299
107 732
757 580
992 102
665 128
519 357
171 699
832 671
941 83
157 484
693 722
58 91
646 680
867 951
444 860
546 500
148 72
3 711
836 93
859 916
257 336
133 427
64 838
211 921
713 639
987 381
590 151
43 494
843 521
788 254
332 18
260 311
902 130
320 714
764 13
359 811
603 137
659 139
18 257
790 995
661 473
300 311
938 65
152 630
172 649
527 49
531 50
740 324
805 388
655 413
416 810
515 614
312 747
22 554
226 945
27 128
579 623
139 842
14 446
464 885
139 731
123 680
202 9
314 591
95 326
45 527
575 584
430 25
696 431
115 665
353 28
4 322
601 374
250 396
362 322
36 7
425 787
311 159
975 180
451 520
535 172
719 179
690 407
893 841
767 135
179 678
935 464
870 672
245 681
854 777
376 184
586 855
715 953
917 461
202 604
63 925
211 742
729 869
343 509
551 696
846 460
865 269
671 227
656 696
570 402
953 266
293 873
546 253
512 263
346 165
167 913
519 188
722 328
940 151
122 652
910 587
811 172
646 65
108 192
871 766
621 743
733 585
755 289
294 367
195 758
570 982
829 619
583 700
216 406
342 234
713 966
330 674
280 377
739 834
772 564
540 785
759 415
891 15
911 377
711 280
109 198
971 183
807 773
351 153
598 138
285 571
677 361
701 371
739 32
316 215
834 276
965 558
288 368
477 836
586 292
658 217
43 87
192 75
448 229
789 696
532 817
738 218
407 863
303 670
876 300
509 437
810 718
433 13
322 996
788 941
169 938
813 430
254 423
174 158
67 532
628 339
77 499
956 474
957 911
64 706
65 841
638 172
659 809
806 904
388 753
405 189
957 992
392 756
390 419
928 329
339 441
91 424
479 705
689 467
671 199
849 728
366 205
737 463
115 463
210 457
138 58
822 192
271 890
867 659
458 863
367 237
333 397
691 775
11 393
488 74
416 295
961 714
475 836
939 53
831 227
941 607
546 113
488 473
587 583
489 544
815 607
7 626
602 136
494 495
954 525
227 197
483 47
247 30
436 154
454 988
58 694
402 187
687 646
374 135
951 781
933 770
900 93
578 83
296 631
9 884
874 810
99 869
544 94
805 722
213 877
199 846
98 63
611 701
526 461
80 281
74 52
424 219
671 577
302 28
990 137
371 507
603 804
144 89
754 884
617 643
275 878
685 327
813 402
745 484
709 65
177 112
72 154
521 987
617 674
779 415
447 741
659 837
896 368
702 869
404 168
851 257
615 232
600 575
470 953
966 594
453 549
211 527
414 144
21 81
510 569
854 642
780 609
167 89
554 231
546 34
837 993
677 796
894 530
364 521
879 154
563 360
756 727
848 968
703 968
910 349
669 180
569 93
485 332
989 968
994 722
976 425
744 917
800 903
159 952
492 139
610 546
493 862
875 571
446 300
88 776
939 477
479 300
942 588
454 218
662 607
256 791
792 713
758 436
580 956
155 27
446 526
312 629
624 936
723 972
26 356
580 963
304 590
822 768
161 799
277 405
301 367
563 932
754 777
245 530
205 27
463 495
67 974
435 582
166 746
281 108
245 291
102 244
68 300
659 899
559 911
698 999
827 201
896 955
102 71
525 936
170 289
951 104
538 959
791 451
139 88
603 607
68 650
971 915
989 326
721 744
25 145
228 904
926 329
418 96
2 305
224 831
498 434
618 387
637 421
338 412
744 309
345 398
328 732
759 743
712 290
968 908
532 21
932 815
682 902
593 97
830 278
299 474
358 891
328 740
75 371
312 31
204 85
649 416
652 961
172 763
213 481
643 670
644 365
22 713
441 971
886 904
133 224
338 882
670 409
947 820
843 967
458 299
187 891
596 533
191 527
485 814
235 663
52 839
538 286
401 57
717 627
170 758
722 971
874 866
302 267
592 483
500 384
541 438
464 886
641 828
606 196
648 420
615 654
815 56
925 904
583 172
288 563
724 6
743 298
304 505
732 537
126 312
511 358
370 886
297 564
675 683
166 678
788 906
862 287
755 710
191 224
558 103
686 152
138 338
157 598
105 349
783 978
970 759
918 895
832 764
979 895
194 733
671 93
127 517
920 335
225 517
72 432
695 248
533 13
846 124
463 709
764 989
658 768
937 797
920 109
115 355
703 802
780 553
342 414
931 431
437 442
593 60
901 267
940 295
209 299
545 305
393 60
690 826
733 760
882 18
845 414
518 12
998 708
360 824
12 993
894 949
740 27
389 217
350 806
668 351
796 388
749 100
866 320
283 104
36 608
308 717
934 137
389 524
430 344
885 791
938 727
299 787
547 677
253 764
70 978
435 371
473 548
598 20
278 143
47 326
876 158
737 800
499 725
742 387
871 405
545 697
969 405
899 510
951 828
102 34
836 579
343 717
680 239
684 527
900 988
794 123
997 592
724 248
528 35
768 594
269 571
129 488
353 650
670 559
451 261
180 973
586 840
54 930
310 88
776 800
799 12
234 302
751 263
642 857
979 648
711 917
803 342
992 269
3 798
786 767
159 387
629 761
410 577
356 115
270 391
426 501
419 703
122 528
907 722
591 364
475 756
299 290
800 781
323 424
513 744
734 906
346 843
621 212
652 590
960 626
563 399
674 524
678 972
551 342
661 754
170 319
812 898
415 595
865 351
773 889
867 146
579 550
431 165
406 312
934 788
895 209
18 669
331 430
84 194
692 621
107 71
292 83
330 234
5 818
335 95
463 10
987 947
233 509
508 673
144 90
435 621
58 752
719 197
921 310
873 24
540 472
339 137
486 104
912 95
605 254
649 943
37 626
771 402
685 326
98 608
941 220
269 107
37 707
731 768
576 283
908 844
337 361
279 650
600 401
909 527
713 150
328 116
989 353
202 917
721 643
884 73
710 709
918 376
290 16
383 935
993 983
8 961
279 872
599 855
584 20
33 370
340 874
125 236
20 104
862 787
689 335
108 865
751 249
437 65
534 593
531 498
150 878
299 96
855 47
695 454
585 919
481 802
298 936
88 636
329 886
720 129
649 395
190 101
651 757
892 135
165 425
20 428
463 660
635 239
601 819
657 513
621 464
179 325
385 706
367 708
460 362
156 83
673 383
108 436
805 362
862 430
579 629
305 568
622 821
244 571
207 433
709 607
727 51
913 74
787 977
377 397
813 561
979 441
887 704
709 736
948 580
810 613
842 145
905 655
971 485
378 675
987 883
145 258
553 157
956 494
417 642
533 564
291 185
537 689
153 184
483 897
137 399
945 180
547 328
274 840
7 322
799 166
747 369
676 947
789 380
883 337
810 953
876 682
237 692
754 37
499 201
210 364
944 742
106 301
918 16
384 49
742 150
279 908
693 498
992 309
920 18
295 186
985 556
17 770
966 857
110 143
152 299
501 786
33 120
825 4
246 590
29 236
539 706
843 664
248 61
274 149
344 747
544 731
851 969
393 225
655 249
878 498
240 258
929 768
342 831
143 314
192 458
311 676
543 805
360 522
252 552
88 865
165 175
188 256
65 459
765 870
397 12
460 491
717 707
956 797
294 668
5 711
591 966
749 306
821 677
951 538
273 151
809 101
442 518
169 454
904 783
597 910
869 873
653 940
72 535
325 203
787 602
992 984
3 75
913 513
500 167
102 439
156 635
728 630
841 293
552 144
757 121
226 499
101 741
177 221
819 346
269 645
366 763
951 818
443 126
814 99
871 86
180 891
567 889
85 962
306 541
89 859
1 201
160 195
421 828
381 11
888 85
124 554
709 169
608 84
152 988
519 408
929 641
742 745
634 936
85 804
465 477
785 858
925 703
399 351
789 995
675 62
816 911
215 233
648 657
215 903
162 241
355 768
462 612
48 744
290 685
590 352
938 257
150 897
119 216
708 939
657 687
738 642
942 824
246 709
483 53
263 819
364 84
626 415
293 316
955 899
207 730
578 474
209 613
462 258
382 660
199 70
586 565
22 581
263 311
14 489
74 316
795 520
92 904
808 361
628 874
170 634
961 157
144 933
305 721
109 631
352 660
689 555
762 99
212 128
675 616
533 650
550 344
167 987
349 57
461 607
120 799
710 18
453 11
382 163
701 821
922 2
49 438
582 88
365 608
453 156
145 603
430 900
795 692
830 920
422 820
576 304
944 308
466 168
927 53
606 652
954 245
893 992
932 684
239 210
615 697
154 620
710 617
489 379
987 148
915 627
200 713
232 958
699 792
441 248
523 86
730 702
287 601
665 265
523 167
274 526
765 392
961 789
258 139
203 995
475 838
851 675
284 352
912 953
367 973
156 170
38 130
647 540
561 731
88 703
415 828
640 278
569 176
309 183
200 781
819 470
57 900
685 737
613 647
118 367
285 620
573 160
91 677
1000 205
558 663
425 121
479 458
529 371
745 242
399 849
829 448
481 306
668 66
178 242
948 498
911 750
18 779
754 513
584 782
606 157
532 864
710 123
390 950
463 503
879 812
74 133
455 512
866 937
775 545
961 923
11 700
124 771
131 871
226 443
871 9
943 908
790 163
723 110
163 491
482 640
712 765
555 857
315 480
138 363
834 905
822 273
570 374
691 729
578 781
775 997
428 208
31 373
141 757
626 513
310 291
121 659
337 923
693 270
238 421
896 814
955 527
656 928
17 950
570 170
440 75
960 770
191 166
591 641
906 567
524 74
30 755
432 686
971 275
610 689
669 968
178 549
588 24
807 894
761 692
613 699
744 806
568 20
1 917
843 938
277 832
486 638
323 894
882 543
813 927
366 729
32 832
394 939
331 508
867 286
390 771
53 447
840 658
987 965
202 99
330 188
115 702
247 721
783 693
634 465
374 732
40 376
785 450
552 467
1 371
24 652
605 114
332 762
274 498
499 91
429 380
656 448
695 97
498 289
172 34
998 146
31 361
750 531
717 378
977 405
464 224
194 921
836 88
216 833
108 823
937 807
320 815
176 6
431 597
747 700
664 24
683 340
167 127
479 825
971 465
189 628
246 591
484 848
584 382
983 366
569 14
952 386
630 737
32 416
569 127
826 534
576 685
696 118
643 529
204 821
588 915
972 306
477 716
295 878
946 341
400 369
772 233
630 173
544 790
373 956
877 508
641 125
277 582
4 258
634 19
778 809
35 492
18 738
607 292
945 501
561 227
102 948
552 145
461 523
558 139
852 428
139 267
13 302
240 572
387 713
172 337
192 447
140 951
586 195
839 759
988 211
77 102
751 208
467 253
699 17
84 603
141 684
415 357
699 142
58 122
3 663
29 963
546 279
604 1
586 564
3 804
171 326
209 137
817 328
512 282
4 622
132 571
429 878
190 369
565 779
547 816
329 979
923 405
936 121
258 797
906 145
446 174
618 647
686 654
380 182
350 522
939 91
30 696
731 477
221 871
826 443
332 384
722 760
687 638
748 632
485 622
181 677
463 591
815 410
339 597
527 22
624 645
622 912
550 157
627 570
672 11
260 467
640 553
434 890
244 717
207 507
541 487
834 275
265 564
819 253
14 409
18 637
353 339
886 39
27 30
49 634
654 169
306 330
36 832
780 492
259 163
541 521
988 482
183 768
455 543
466 500
763 630
784 913
982 980
73 174
473 708
149 769
296 843
532 862
500 43
474 906
491 984
816 401
676 101
805 583
534 15
352 209
480 390
776 851
733 487
564 966
266 769
908 336
819 599
949 524
825 534
842 476
975 344
337 156
944 388
690 664
799 14
180 638
401 895
42 635
723 288
64 995
447 416
343 115
570 437
863 872
759 907
634 828
65 817
719 581
958 903
360 120
983 48
864 952
902 190
336 1
579 95
262 793
885 448
310 565
830 300
995 148
622 82
356 127
915 46
765 602
658 372
916 588
938 4
388 485
448 280
565 291
948 221
142 12
679 287
222 478
830 153
8 208
597 242
467 405
268 738
913 211
616 974
95 976
959 588
571 191
182 747
819 627
596 301
616 547
374 471
106 593
602 634
492 796
179 807
878 999
97 882
459 631
188 47
80 864
62 720
301 264
426 642
700 434
224 379
22 162
510 542
124 796
527 607
823 308
936 200
221 66
138 281
187 237
799 319
784 12
127 872
439 188
614 362
173 112
770 450
421 866
962 890
253 179
880 643
2 747
903 51
581 917
51 950
747 437
769 11
349 625
298 741
673 983
910 996
159 464
346 233
902 120
405 944
228 245
963 122
714 909
826 174
204 334
43 200
636 329
358 963
768 235
897 393
592 815
403 64
425 408
165 115
372 731
268 834
383 522
694 792
703 90
407 393
243 25
752 564
753 205
493 491
238 887
55 575
136 163
85 128
490 848
933 850
420 635
791 596
721 504
468 879
658 491
938 907
867 35
423 705
390 11
165 26
611 38
412 741
400 165
169 488
649 982
580 974
652 499
304 577
156 738
724 663
623 836
666 603
611 772
541 753
489 71
522 305
892 811
491 130
260 727
689 963
837 219
766 755
88 502
823 280
815 126
992 796
520 931
698 994
277 229
221 370
999 456
747 371
819 542
721 604
872 960
49 223
323 776
395 439
72 8
438 459
276 402
8 784
6 783
561 68
618 127
233 27
509 958
383 837
519 455
615 414
964 150
508 250
695 262
788 420
755 43
722 352
979 563
998 509
929 218
551 839
988 675
669 280
690 789
588 456
716 277
77 845
80 63
299 479
377 915
503 87
855 162
159 891
131 903
173 927
583 724
855 787
627 963
699 649
290 617
973 484
756 891
481 671
377 350
963 547
75 35
576 588
773 814
799 802
467 333
450 517
52 753
593 112
199 898
441 771
509 424
778 839
999 987
586 268
992 619
655 797
421 277
887 678
101 707
799 576
452 701
839 835
342 761
544 167
434 777
130 425
188 215
128 612
923 285
304 331
128 569
861 41
144 787
115 955
150 142
846 726
896 574
568 843
129 304
516 555
955 29
651 260
928 911
419 980
270 288
732 169
325 269
976 635
600 587
853 807
414 461
438 471
903 123
671 239
30 253
90 904
767 630
118 516
10 73
29 827
530 768
696 616
125 146
560 55
218 292
544 736
454 699
56 886
829 901
976 199
613 62
81 485
107 977
802 479
786 952
273 523
754 148
225 966
602 176
30 697
181 819
384 603
617 469
980 669
964 590
548 909
200 787
712 429
765 550
369 149
157 627
946 487
638 148
635 503
999 622
247 965
880 510
184 581
98 23
983 696
853 421
606 167
443 833
383 635
230 651
107 92
572 226
297 388
452 800
471 932
331 741
493 421
15 927
710 931
714 430
165 534
405 487
559 314
597 627
28 818
323 674
803 236
487 367
71 876
132 964
666 188
723 453
145 891
885 473
119 709
632 23
357 208
712 929
316 768
20 992
920 174
884 231
977 323
595 876
499 131
906 961
357 33
148 12
668 843
959 324
335 734
450 372
513 82
932 908
937 894
613 193
263 482
878 223
399 34
369 509
100 123
394 494
517 796
935 61
721 241
560 305
156 164
255 942
240 509
60 584
976 449
998 886
216 374
70 625
195 165
476 824
701 433
904 141
152 946
62 149
912 744
236 152
644 183
916 572
60 430
904 28
191 576
17 421
113 316
540 23
752 213
933 96
577 30
635 256
66 541
867 193
805 38
277 637
424 223
761 218
102 482
122 292
965 800
93 633
519 905
6 740
918 522
27 795
488 673
451 567
714 115
440 836
485 181
658 618
36 170
132 580
124 634
794 90
848 541
465 288
124 995
803 136
183 186
756 232
928 951
887 724
513 355
182 118
377 581
613 434
289 892
879 339
510 466
944 48
945 841
289 103
702 587
594 432
100 313
822 160
73 999
575 908
742 971
446 148
484 47
285 10
233 745
513 815
143 156
346 8
575 185
53 143
185 511
593 394
892 768
669 85
534 528
506 325
189 304
463 657
360 898
658 345
470 347
650 724
536 901
848 887
521 87
477 946
706 77
624 718
969 456
832 411
636 893
106 656
602 317
714 979
606 349
184 398
776 242
9 741
981 167
160 375
52 653
441 781
446 925
175 321
32 945
837 230
507 657
182 615
540 385
597 856
799 508
106 206
549 197
550 358
336 834
886 270
581 308
908 164
103 48
382 249
864 360
180 838
254 55
313 288
41 592
760 152
528 110
414 327
81 828
577 983
871 781
600 14
145 835
719 873
885 401
832 515
933 563
31 363
548 327
493 472
314 189
704 589
16 591
402 680
445 518
181 793
881 704
683 342
891 427
690 786
142 649
82 994
928 270
123 242
441 641
138 931
565 120
470 500
592 42
556 653
541 255
890 451
854 48
412 437
70 697
109 221
660 659
619 656
913 265
142 197
808 481
890 39
369 961
117 355
669 716
598 210
655 265
52 754
400 371
368 135
978 960
960 347
905 462
174 837
452 559
783 501
397 300
183 649
629 361
49 685
13 74
325 200
911 593
435 392
130 422
684 769
210 888
600 16
230 383
14 588
951 309
532 905
447 970
943 977
819 351
801 277
685 378
852 638
799 246
175 552
894 176
658 690
698 903
967 128
693 26
758 963
977 315
174 368
549 428
755 891
681 636
809 866
832 752
11 53
578 883
353 588
617 783
160 728
170 300
433 563
498 466
299 143
617 920
634 806
517 412
181 239
440 295
24 166
805 299
391 41
284 744
285 65
50 326
364 574
294 273
812 342
392 281
998 617
694 221
944 70
612 507
974 24
320 555
30 702
307 983
522 862
910 281
476 853
539 561
5 501
209 602
873 755
748 905
964 734
35 846
1 930
570 565
661 730
352 986
316 893
230 991
467 507
928 103
216 185
952 877
240 15
867 122
766 844
503 638
698 102
183 636
517 268
938 723
540 163
689 735
616 457
69 373
658 210
531 416
573 37
362 272
58 617
495 909
443 46
939 997
634 279
525 899
966 318
771 430
922 176
743 902
665 210
566 975
164 801
552 316
239 366
423 343
64 630
343 412
551 603
510 439
722 7
284 669
404 348
30 222
31 291
803 346
806 879
721 837
124 476
872 311
907 488
695 329
96 421
208 175
25 623
686 628
658 531
232 37
161 127
933 713
661 314
132 424
657 14
81 448
688 360
47 607
195 328
713 651
18 307
769 745
509 568
276 911
246 693
47 972
48 614
68 617
967 879
5 88
166 37
114 362
959 872
271 971
677 423
207 552
175 78
640 567
374 442
984 154
126 642
986 552
291 978
452 615
783 747
224 398
874 600
835 978
14 661
509 483
206 445
245 473
600 200
853 666
126 372
733 436
515 97
573 299
211 470
323 752
892 999
235 300
715 614
754 960
560 549
137 884
211 541
102 92
656 72
107 758
612 793
356 171
525 362
224 352
197 777
509 39
820 250
704 499
353 539
45 197
269 511
211 677
682 762
253 190
383 931
314 166
578 955
465 82
928 662
663 510
673 838
162 197
976 241
727 644
636 331
911 373
751 106
347 368
720 246
105 422
373 478
311 958
727 675
977 874
428 678
855 777
233 522
570 907
100 894
545 223
393 346
820 87
344 264
877 98
626 418
812 979
781 412
319 557
344 439
36 597
329 549
91 642
717 586
394 740
759 243
283 84
288 111
655 308
397 484
1 795
808 405
331 352
499 962
524 593
339 877
433 464
469 498
416 738
239 780
443 256
222 218
478 352
170 561
931 16
313 524
939 783
463 69
726 565
361 519
141 193
291 812
398 720
992 943
331 735
195 525
705 462
746 754
728 921
486 953
322 950
16 117
988 347
185 674
862 292
221 164
847 400
427 557
279 452
874 350
159 114
953 677
239 448
130 596
427 698
127 671
883 341
385 66
352 155
746 39
943 643
471 130
755 783
257 392
59 772
120 278
86 575
766 141
695 147
57 299
665 420
722 207
410 713
441 53
828 935
902 90
262 965
928 545
266 392
217 606
493 249
385 526
377 800
911 329
143 243
254 722
901 419
700 741
480 891
579 25
601 625
487 484
438 676
245 971
343 439
55 820
151 565
812 657
13 564
895 704
380 371
278 204
810 126
209 711
317 414
579 823
427 933
35 853
401 163
330 795
860 760
223 84
373 871
636 787
711 195
517 649
208 578
820 318
511 958
821 611
460 616
288 473
537 768
793 620
921 551
779 897
956 127
62 750
11 616
84 930
601 376
608 155
328 500
936 243
893 343
461 520
465 589
706 901
417 104
979 36
133 806
733 109
367 275
663 326
177 435
196 489
757 264
371 69
244 509
228 986
695 70
880 717
58 121
689 425
618 81
474 489
664 857
704 682
100 355
542 862
45 414
690 981
793 484
638 886
677 846
169 575
557 404
945 626
547 642
313 248
613 909
912 992
973 217
455 182
920 703
137 187
212 601
138 580
749 206
932 792
481 584
267 561
895 629
878 381
644 221
597 219
266 309
92 789
436 391
431 733
403 566
937 725
486 517
223 22
790 461
147 573
869 824
39 840
98 388
358 936
338 407
573 149
206 422
595 306
23 805
596 89
301 451
504 49
362 51
4 878
791 288
297 676
101 406
410 333
768 599
590 746
277 27
172 455
799 122
887 949
880 666
721 666
999 462
647 182
7 23
746 127
528 198
694 247
896 314
168 693
977 321
182 40
394 59
516 958
30 110
858 375
56 933
872 142
578 630
980 160
962 473
526 718
765 388
803 699
111 246
26 948
453 338
547 702
15 508
474 158
425 306
557 521
82 939
321 225
397 652
200 674
373 573
782 257
80 352
783 104
455 43
504 691
781 631
87 572
843 898
937 329
222 477
596 586
486 598
146 26
290 881
130 730
662 548
829 759
98 57
939 661
725 140
526 471
430 488
714 159
774 957
865 885
394 691
559 21
192 173
857 685
719 339
13 547
558 855
619 613
409 220
231 85
861 449
221 95
206 301
230 407
802 524
783 883
681 665
248 82
301 184
840 310
705 967
399 735
3 562
898 294
855 610
300 112
487 738
492 904
348 356
573 637
23 668
798 258
289 882
868 706
959 277
229 8
717 637
50 685
977 603
794 540
318 374
963 127
34 921
536 459
313 86
1000 248
816 318
93 744
623 62
556 901
830 380
794 830
355 860
851 835
930 334
170 62
523 421
582 960
198 178
449 900
711 329
645 107
243 849
218 401
758 287
939 467
869 926
853 121
982 343
141 589
455 301
260 813
562 669
268 272
222 219
407 959
486 860
670 316
277 415
350 319
98 332
26 145
510 564
49 272
321 555
529 14
465 85
97 12
979 154
136 960
339 59
499 923
969 80
418 694
951 320
831 314
735 569
689 849
140 911
894 154
586 171
185 530
487 689
879 659
385 65
956 408
7 462
564 953
283 814
62 620
630 911
127 623
349 545
121 706
656 339
324 481
823 985
293 894
205 418
104 779
301 975
507 326
896 145
458 782
702 557
891 587
68 893
254 576
762 657
129 919
411 525
85 478
394 469
345 257
381 579
589 30
701 939
481 833
782 479
125 606
221 799
422 30
338 989
253 521
859 425
588 169
167 302
454 650
118 312
281 927
691 656
951 712
691 237
342 816
787 485
754 272
646 408
522 666
47 229
35 805
623 534
754 355
888 849
190 759
247 994
730 456
970 347
239 946
810 288
792 811
830 807
912 227
658 236
867 318
463 171
999 805
601 462
987 805
776 429
880 179
421 739
667 247
173 258
710 43
495 619
900 599
595 281
469 856
145 626
476 68
810 868
978 258
542 643
974 367
174 263
505 684
513 399
609 38
149 971
296 625
328 340
410 409
250 728
325 266
474 724
575 779
831 560
814 838
357 185
452 131
418 47
400 622
738 740
858 481
182 372
897 187
992 359
24 57
299 129
730 679
288 849
21 340
265 130
52 382
842 888
38 953
929 916
280 321
509 530
494 190
264 981
268 773
103 990
159 856
806 269
21 935
759 487
27 470
155 669
925 433
890 422
530 451
89 145
345 63
844 39
791 552
777 106
796 386
264 51
908 483
480 494
89 2
454 890
904 99
686 146
635 140
658 46
695 969
700 725
389 630
450 612
715 48
992 667
863 136
335 291
706 341
688 1000
943 32
981 349
303 833
839 147
970 206
911 799
239 839
535 378
663 161
188 7
425 691
203 220
502 419
396 116
435 486
233 205
112 297
611 833
957 309
373 190
822 571
50 243
253 984
438 842
476 185
222 973
120 915
412 893
535 201
689 153
546 738
140 855
343 696
603 93
827 247
560 906
776 855
889 818
188 329
395 99
879 715
145 888
846 384
388 760
885 422
447 351
283 790
409 826
987 378
915 521
770 284
907 23
172 230
450 448
261 616
462 683
484 167
86 727
72 289
111 128
494 120
492 829
959 470
103 796
363 847
74 822
350 603
476 588
155 603
713 113
750 408
709 943
276 905
243 21
457 323
920 668
151 636
43 799
608 216
299 681
599 354
855 980
126 988
87 590
45 375
753 182
648 806
498 523
44 998
527 481
742 226
430 271
662 586
204 968
569 936
999 911
106 714
88 81
783 446
252 988
236 441
883 910
239 991
155 833
481 422
389 763
799 628
583 221
490 316
917 985
763 270
762 128
758 100
642 320
679 863
116 261
23 219
466 468
88 286
148 632
918 108
466 103
606 819
384 414
883 458
444 594
338 45
968 332
664 581
187 176
983 139
615 144
672 804
643 165
770 369
718 171
867 899
686 325
470 944
272 609
457 555
24 450
851 503
945 846
820 622
693 408
695 318
932 604
384 986
209 75
229 152
173 462
720 345
357 292
251 801
379 212
768 239
128 334
413 21
341 784
821 102
661 461
132 285
243 562
302 677
770 800
570 905
721 355
557 765
652 939
101 657
605 965
694 574
60 478
316 944
449 209
730 322
307 47
402 297
99 177
490 638
697 740
577 78
649 841
800 235
753 781
89 118
813 555
227 674
9 635
416 150
841 418
804 306
40 95
459 535
44 639
823 293
562 508
286 708
224 283
666 430
45 867
526 794
611 998
689 848
139 269
505 663
415 6
664 562
130 146
353 859
945 63
851 782
628 402
421 770
336 754
797 923
840 162
982 228
76 748
703 593
251 638
627 203
534 277
438 382
301 22
409 612
108 812
414 247
845 145
204 287
367 189
719 648
43 155
262 955
154 720
979 37
105 358
413 37
725 956
318 482
952 280
551 208
533 325
521 261
902 890
345 897
433 933
551 161
420 677
493 25
721 318
74 544
476 844
513 932
616 163
392 45
548 996
517 115
649 139
778 609
30 624
105 819
863 6
334 880
99 173
706 479
14 390
164 279
4 376
925 338
725 210
947 72
183 650
334 530
411 263
631 472
700 391
44 611
391 462
178 409
896 788
509 425
112 413
847 449
996 909
23 771
904 531
615 869
283 638
267 341
31 244
371 297
871 76
50 814
604 329
292 887
349 354
856 345
704 287
957 611
524 10
211 257
859 701
344 670
254 161
20 857
737 217
352 185
813 100
615 216
798 456
139 125
768 875
487 549
881 244
384 100
336 365
144 952
368 862
304 836
522 281
279 942
708 108
176 341
876 938
349 806
722 320
462 767
63 962
671 265
488 86
593 53
319 931
345 284
436 77
823 627
845 407
207 898
461 398
190 84
691 977
307 984
859 263
53 196
78 681
209 462
686 936
657 254
209 607
853 222
194 301
948 198
877 40
500 754
809 792
661 743
630 480
703 380
70 811
867 127
761 480
122 42
784 601
291 571
187 619
938 734
415 870
815 116
840 832
288 487
331 729
438 553
404 745
847 647
117 102
779 943
119 518
876 149
235 39
187 344
559 480
331 553
395 823
783 744
685 458
182 332
262 26
921 591
240 605
956 355
945 246
233 292
984 620
362 64
606 743
497 751
666 184
577 995
935 379
357 843
529 896
349 759
839 887
98 953
51 929
713 332
18 668
894 284
555 430
186 327
848 723
301 534
584 78
713 430
734 53
716 635
879 25
371 756
42 646
777 969
273 602
660 18
932 799
11 557
830 326
902 179
32 271
52 194
380 215
593 418
207 870
464 346
375 44
195 730
894 984
994 710
994 187
910 504
226 815
298 352
545 161
70 644
330 849
331 232
922 573
761 531
9 892
250 8
711 133
714 955
112 25
865 573
330 310
231 480
433 425
238 664
705 197
602 583
58 921
629 302
350 321
541 744
799 516
625 447
662 772
793 731
442 427
308 114
121 232
709 279
837 226
586 34
55 165
996 837
776 534
260 655
121 345
610 420
947 463
257 135
533 572
444 595
67 760
802 637
305 179
803 140
714 337
498 800
408 132
172 421
708 375
391 69
968 476
78 11
391 986
996 890
635 715
85 742
436 880
148 44
409 568
910 920
789 805
422 278
519 252
996 255
47 655
697 190
272 927
632 485
116 702
686 774
431 669
950 651
440 192
920 842
170 105
437 750
529 292
826 636
212 659
123 456
623 399
557 749
790 883
204 783
540 849
948 49
393 424
605 885
977 666
155 98
891 956
801 404
267 9
293 208
528 535
527 875
70 898
397 114
472 207
649 985
934 938
918 303
151 436
192 139
139 404
781 93
106 961
336 92
188 191
886 258
482 604
176 671
31 787
966 490
950 921
349 492
847 413
228 707
224 971
339 170
14 539
75 676
991 978
582 309
35 50
625 790
534 456
168 593
685 52
780 840
893 817
768 640
953 388
367 478
872 596
931 349
257 318
485 846
180 618
659 583
494 70
556 69
208 219
760 856
854 678
380 57
146 673
418 346
274 297
925 137
608 778
589 28
564 811
404 114
941 927
69 968
674 311
597 482
579 171
891 141
507 132
513 553
109 72
701 388
259 753
702 558
209 626
742 676
891 122
882 859
331 35
260 237
189 193
389 911
1000 658
138 641
14 20
914 94
653 707
397 5
515 766
203 378
683 564
335 329
865 470
314 596
331 414
425 853
963 92
28 406
946 177
767 475
109 541
790 262
277 433
761 150
434 876
823 458
571 405
93 41
841 687
191 385
871 510
512 805
822 518
992 829
993 84
542 641
638 302
250 631
470 684
805 941
332 645
417 106
614 311
337 281
907 149
709 1
73 984
861 454
720 742
149 58
480 367
686 275
466 846
893 981
823 910
291 265
850 1000
390 79
546 273
360 356
143 917
569 337
538 701
975 608
266 472
205 213
124 491
717 122
510 712
445 919
137 478
546 98
57 151
919 883
167 238
8 333
81 361
523 414
213 284
255 945
706 239
483 58
677 574
34 528
184 253
521 2
868 175
468 829
485 761
14 65
401 140
334 802
99 123
541 368
892 420
749 493
550 230
592 296
922 585
796 162
486 568
383 128
723 543
338 515
198 31
574 458
889 500
317 867
981 460
175 261
322 731
658 865
145 306
477 125
500 130
541 692
376 400
269 849
540 460
410 217
68 477
912 107
145 604
41 515
832 818
852 317
232 734
417 572
44 245
119 851
157 562
716 775
680 501
789 189
607 730
341 710
362 50
387 854
742 198
873 117
410 669
505 793
638 280
471 52
932 570
898 630
629 592
868 696
465 251
673 958
197 708
834 747
740 53
638 657
668 314
938 349
422 378
260 353
512 26
548 712
164 773
751 963
328 619
312 112
539 755
782 138
768 181
122 907
432 697
345 232
151 638
906 550
835 269
599 380
985 440
87 584
551 505
973 423
422 183
481 617
78 821
445 14
19 329
735 370
403 953
826 810
352 617
700 600
652 630
207 693
680 887
553 399
58 823
240 958
437 892
614 800
843 370
995 655
944 907
72 598
145 935
92 649
809 311
740 857
945 311
379 991
527 677
805 771
865 248
957 712
417 623
624 321
12 308
681 670
258 377
153 85
724 804
917 492
28 787
547 293
958 786
24 294
701 564
10 345
103 382
384 190
775 994
871 885
654 997
345 671
785 650
797 727
484 246
414 153
685 770
817 394
383 992
986 259
200 404
896 313
167 80
560 500
427 175
808 459
12 835
143 155
695 478
902 156
81 288
284 323
412 136
964 493
363 698
750 442
56 162
203 789
540 652
961 353
377 465
408 985
105 571
251 526
345 196
377 825
761 716
445 174
137 240
285 984
285 786
901 254
890 283
378 247
109 133
436 459
153 731
815 201
598 203
123 297
523 875
75 138
9 744
356 648
734 472
531 367
148 841
772 131
991 281
335 485
545 543
654 363
553 116
900 394
153 870
784 832
382 147
199 587
607 350
511 373
98 314
634 472
157 807
196 723
141 334
288 782
453 204
386 151
831 827
689 854
182 725
11 814
943 937
457 794
957 605
103 269
296 551
813 126
547 174
909 555
328 920
389 427
462 455
428 179
855 372
513 243
54 29
555 600
721 880
465 178
732 400
648 725
725 969
689 355
708 153
128 623
536 42
332 181
446 181
255 54
989 304
807 197
668 430
81 268
265 69
599 198
824 212
67 801
596 824
999 152
501 572
914 493
468 683
52 42
18 566
147 982
591 787
894 864
34 768
255 769
170 364
283 707
161 615
1 970
769 864
369 964
297 103
406 323
227 482
464 456
374 119
265 513
515 737
623 640
972 440
390 855
299 814
92 595
75 775
573 28
5 592
987 339
743 151
364 351
828 78
643 828
84 942
377 156
806 472
303 652
508 882
328 504
736 469
18 620
425 630
140 991
839 607
953 852
515 189
528 48
987 629
756 190
921 103
456 122
555 678
624 314
946 727
145 631
777 753
885 624
693 429
361 204
533 20
864 181
483 609
214 499
713 432
254 528
241 957
294 443
665 309
47 721
87 208
345 497
454 701
973 207
205 165
354 609
781 877
284 395
4 794
151 597
373 549
564 242
344 341
80 319
616 129
356 388
485 760
437 581
938 954
705 989
796 12
337 768
951 848
666 544
8 138
961 228
725 3
999 612
122 40
692 892
30 895
624 922
291 573
10 927
407 115
965 677
783 468
701 107
353 197
410 4
361 562
527 979
914 62
723 892
26 212
121 210
799 435
13 506
749 560
236 645
20 859
102 218
913 709
382 58
429 744
222 579
372 116
721 456
727 674
306 422
609 71
918 161
462 29
390 270
543 220
945 69
586 881
1000 620
397 394
115 187
196 88
777 749
712 54
531 187
936 702
371 835
926 25
452 384
391 493
204 289
77 45
485 344
846 835
425 421
831 21
871 870
820 858
513 886
203 872
60 727
612 388
762 903
928 331
747 923
877 1000
950 604
241 14
905 77
601 3
642 768
772 507
712 26
422 180
972 721
173 882
264 210
303 147
986 787
856 315
765 949
587 445
113 310
331 379
938 801
789 122
282 781
467 267
659 536
383 167
911 747
645 422
4 306
813 964
689 766
675 959
748 31
235 116
967 319
2 271
420 2
439 358
331 601
888 618
889 407
887 612
93 632
970 112
2 190
952 118
666 329
748 317
567 923
895 62
926 558
514 180
440 825
651 501
301 180
466 586
698 952
219 909
79 323
561 448
615 141
600 410
379 685
439 268
642 131
127 631
498 309
582 489
141 749
580 218
486 182
295 923
931 304
324 665
453 700
292 766
556 99
828 920
208 241
261 265
924 735
431 953
399 233
200 405
879 63
96 582
68 660
750 211
843 614
471 313
916 410
820 830
808 862
332 112
423 779
941 970
88 756
548 892
769 633
990 757
687 575
815 490
551 828
215 538
915 448
972 183
196 490
557 779
597 302
346 598
359 822
151 867
99 178
984 204
5 177
947 374
174 819
692 820
487 152
752 247
18 871
238 698
459 699
188 91
672 296
715 330
934 936
921 511
615 894
429 176
486 803
572 160
663 91
175 429
948 867
330 390
79 1
262 483
690 486
547 371
785 442
805 951
524 97
460 146
287 965
755 869
662 243
723 387
779 437
249 520
15 975
236 770
969 99
965 467
270 699
603 936
38 695
720 538
112 911
940 23
742 143
621 982
858 440
280 250
205 128
227 211
29 114
218 61
881 331
38 992
272 279
565 977
492 451
754 42
830 495
833 409
83 870
320 628
545 13
985 326
955 217
904 252
230 858
156 25
678 946
938 967
117 764
407 136
1000 660
673 274
514 790
17 372
753 972
478 39
31 701
394 996
892 281
771 266
222 40
634 168
579 745
125 304
179 247
550 474
329 294
701 70
715 374
454 478
718 699
184 654
506 489
943 878
336 804
953 859
206 361
922 166
119 984
211 405
34 422
624 394
128 943
572 938
702 969
194 672
466 189
283 913
712 829
573 220
492 957
628 429
372 311
444 644
908 315
214 534
915 753
845 848
812 159
453 739
519 32
243 179
119 540
746 294
271 875
539 971
336 398
467 980
229 221
99 673
225 878
34 844
187 527
509 558
682 864
636 901
726 377
398 821
34 703
678 764
238 839
204 115
976 476
834 982
359 977
251 200
824 96
476 851
627 661
702 65
777 110
65 140
247 188
400 439
611 393
574 31
227 432
999 534
541 475
618 835
359 695
752 337
165 74
317 159
598 240
913 120
787 931
365 627
458 87
222 4
540 185
407 114
503 741
568 306
944 214
364 301
520 181
596 128
45 646
818 902
784 890
452 664
328 390
165 829
115 638
386 58
511 101
230 285
107 482
663 387
685 455
505 17
295 672
352 122
63 708
266 934
799 208
784 183
475 356
295 561
758 545
39 937
375 711
671 938
818 458
641 323
881 838
219 891
715 862
262 213
450 429
128 169
336 332
318 716
409 688
817 275
199 273
922 872
90 887
399 277
774 195
25 960
215 973
253 378
969 360
772 928
76 277
422 745
617 15
927 624
471 276
882 145
13 105
156 268
656 972
307 904
402 908
721 234
815 608
86 36
363 609
682 215
792 427
651 592
138 613
459 35
156 65
29 461
99 153
696 165
718 934
60 276
151 207
635 424
554 862
669 575
672 269
175 170
161 776
736 688
524 649
762 140
28 472
840 718
417 771
843 453
666 342
706 599
546 800
620 241
782 608
966 397
475 418
990 263
495 943
297 634
965 75
982 891
272 296
537 332
685 188
101 437
767 832
624 466
880 556
181 73
222 719
228 520
998 28
177 510
933 725
470 581
365 434
233 551
928 829
983 793
56 616
807 463
172 198
394 216
231 613
15 648
346 241
38 539
239 110
585 151
560 103
154 760
599 990
983 127
949 187
241 382
42 377
650 120
284 302
142 692
254 696
147 222
514 844
5 132
152 328
191 169
194 223
472 933
887 855
459 225
385 710
260 470
479 226
172 522
555 75
583 889
786 157
859 497
56 386
424 358
377 727
868 353
84 464
199 1
492 13
790 684
57 536
977 671
743 708
429 636
701 441
277 696
355 364
141 25
749 324
773 724
524 734
9 639
344 842
221 412
260 584
192 142
305 865
343 937
308 860
809 273
115 566
903 587
469 847
108 347
580 635
340 732
434 681
893 802
22 416
526 660
262 371
390 324
887 798
505 516
396 592
310 111
547 80
167 643
104 737
220 271
292 652
223 65
400 478
389 278
686 468
665 351
543 346
896 5
147 141
78 439
981 558
879 195
863 590
419 865
8 340
30 803
205 788
703 91
530 585
626 30
628 706
424 548
995 303
354 445
18 987
549 588
346 777
22 708
593 376
170 475
83 982
530 8
229 636
13 959
490 956
786 129
21 864
504 752
800 45
568 57
18 934
311 559
39 636
902 698
463 912
725 109
47 81
395 720
506 181
515 739
790 571
203 383
114 910
544 145
909 423
931 627
606 179
771 410
645 509
620 27
876 173
472 283
805 231
442 511
425 747
429 147
395 783
162 526
839 968
718 555
37 222
222 986
706 927
84 799
662 946
791 282
28 806
50 810
85 968
638 188
22 319
478 813
980 567
98 505
659 646
290 255
680 427
993 932
812 152
873 414
983 193
604 26
168 878
777 576
763 393
335 706
603 338
492 755
654 328
925 249
980 900
920 999
519 193
115 301
907 675
837 942
675 542
493 104
995 679
792 289
591 723
958 242
856 916
892 82
450 957
87 304
470 440
221 894
55 790
355 1000
770 822
52 8
365 191
955 925
796 415
544 536
619 740
468 824
882 890
79 614
117 735
706 396
356 533
950 771
685 575
183 842
133 491
286 983
437 869
288 507
515 876
511 41
115 720
429 870
790 139
987 772
953 916
680 956
936 70
611 836
794 172
597 793
321 534
987 693
698 576
37 498
766 753
443 39
409 123
39 454
384 439
473 404
338 66
896 530
324 970
110 678
612 876
187 171
480 415
997 726
358 871
708 287
304 77
267 83
250 761
270 854
992 58
168 556
704 494
859 778
533 197
989 387
794 659
944 12
544 460
233 987
661 97
367 128
561 789
266 507
582 685
237 73
15 292
189 721
850 749
507 498
725 624
638 743
146 375
81 330
372 895
636 354
30 669
342 147
289 261
38 184
406 956
63 351
618 898
378 367
17 371
535 977
937 290
97 717
846 658
298 364
192 743
815 321
433 707
655 424
179 483
92 832
221 612
900 65
518 656
795 829
41 698
869 612
878 658
537 870
243 658
576 908
463 840
870 135
288 424
296 99
745 916
442 622
527 896
153 911
562 469
46 194
763 444
781 53
559 453
567 612
550 370
348 830
610 457
24 924
806 927
614 513
960 184
121 236
709 275
361 701
608 746
975 112
10 610
748 334
141 440
628 276
476 9
244 29
818 408
72 134
839 694
789 365
665 183
845 918
940 783
46 382
728 593
932 379
297 932
559 964
323 932
766 152
147 402
573 744
613 267
651 34
730 745
430 763
824 622
755 86
393 693
615 450
985 989
197 677
962 205
717 430
419 759
738 424
274 301
109 318
219 258
55 952
829 965
958 827
891 841
673 185
303 482
431 880
329 867
347 486
23 732
254 843
998 699
592 277
929 896
105 994
4 988
834 31
894 843
327 62
118 321
283 188
400 496
165 176
576 633
321 850
826 416
264 351
411 16
106 664
731 939
934 792
303 919
454 97
41 156
463 221
49 697
183 722
625 136
188 196
886 407
679 894
974 634
154 71
173 169
529 145
508 728
714 415
953 829
735 551
538 225
832 974
486 3
895 429
846 148
41 600
127 644
864 78
742 419
559 619
943 648
714 155
435 993
131 531
854 984
824 667
663 910
560 181
617 932
279 897
798 243
836 66
262 926
694 32
362 713
203 583
60 964
389 971
24 82
579 480
335 670
67 20
307 549
842 846
419 659
168 913
613 1
190 262
176 396
512 86
753 390
557 570
599 195
341 831
769 554
593 494
151 562
479 193
800 832
15 163
476 841
94 424
869 730
446 357
470 383
865 671
222 268
958 384
669 851
195 948
235 643
74 271
381 897
791 98
155 66
965 573
749 406
435 242
679 431
64 152
834 436
601 423
840 809
417 1000
236 510
397 227
400 9
184 656
792 975
761 154
118 873
945 868
32 580
101 466
550 698
297 544
40 756
597 757
139 261
845 667
684 543
776 722
64 324
541 974
728 747
253 784
418 839
590 657
611 662
889 792
110 634
732 440
224 905
280 907
44 156
615 215
547 79
382 13
664 160
167 823
295 194
688 102
872 707
928 725
531 560
272 829
57 441
114 186
646 931
719 619
1000 167
160 958
33 416
142 706
308 238
570 249
879 113
20 573
612 284
797 808
335 153
621 730
146 272
494 320
265 102
181 826
863 306
510 942
994 575
99 385
172 723
583 691
658 262
270 64
347 607
481 577
787 88
356 391
485 741
326 299
108 503
878 759
492 86
67 705
498 707
955 926
875 415
360 736
933 115
992 657
610 192
900 396
957 109
660 790
15 929
620 489
32 898
839 137
531 424
629 341
421 304
23 92
121 102
598 464
946 81
319 543
537 596
867 823
723 769
540 345
800 502
474 993
336 770
765 525
783 868
606 857
485 311
935 623
192 405
675 448
348 232
385 18
672 798
785 529
25 164
814 868
102 906
50 561
750 614
586 975
771 595
314 138
43 312
975 723
707 849
284 550
672 881
567 485
40 769
152 821
295 230
794 515
485 244
507 260
695 321
835 536
66 285
731 21
569 370
290 341
953 19
302 800
627 341
648 16
464 351
798 884
838 833
750 13
695 660
644 410
479 25
264 70
228 287
781 543
139 871
78 825
887 61
532 422
754 338
919 486
644 184
86 472
13 855
550 6
164 453
2 488
44 883
373 969
230 578
305 665
218 678
754 564
791 921
667 407
575 550
10 958
942 287
389 741
763 462
265 943
965 646
93 130
824 620
677 18
382 1000
93 331
149 585
884 267
526 329
583 360
487 87
277 501
461 632
731 181
469 681
509 364
356 886
657 264
554 656
261 690
415 185
400 654
992 104
996 672
163 161
491 732
220 438
589 384
801 275
537 29
745 130
251 729
196 206
163 619
688 401
8 604
778 160
686 553
928 541
604 882
971 593
57 497
539 949
370 88
206 658
980 957
450 192
713 734
695 474
813 297
648 539
976 120
740 225
172 629
56 166
311 950
954 579
873 913
877 969
513 704
735 319
498 982
561 764
789 873
393 322
565 156
288 120
933 856
749 629
60 468
174 596
820 462
165 191
79 601
159 167
636 886
782 6
394 975
70 884
52 743
714 811
17 9
491 94
109 931
130 296
593 990
118 915
174 929
106 955
287 386
624 52
878 905
690 131
107 31
179 954
879 853
791 131
761 110
615 875
585 824
947 385
883 575
636 492
544 682
634 343
283 537
442 170
444 524
528 103
160 346
917 443
167 177
818 400
395 417
159 152
128 228
992 483
243 43
595 190
233 554
216 989
177 361
200 214
466 905
489 312
630 931
594 397
393 930
103 717
472 613
864 907
974 320
902 237
835 26
336 915
751 855
329 909
642 678
631 444
613 913
910 667
124 162
731 458
807 49
668 473
523 454
427 429
543 523
612 46
649 60
613 883
283 234
34 632
751 741
95 1
65 86
54 781
326 351
569 117
715 13
662 628
956 785
369 585
900 849
361 969
913 34
827 548
349 184
708 837
813 521
516 735
374 277
467 181
710 147
801 661
311 380
663 11
813 666
541 683
253 973
124 93
995 600
272 227
296 745
887 847
31 131
740 368
605 58
552 442
936 793
777 458
875 796
71 787
619 585
615 214
854 906
425 122
789 21
936 567
208 414
409 729
229 504
381 173
713 887
372 464
216 808
938 467
264 766
318 305
48 277
232 50
431 626
288 302
94 728
864 919
545 460
48 740
697 249
950 709
661 414
459 218
977 793
187 287
854 417
682 402
877 768
753 306
574 800
706 232
667 490
123 6
834 68
431 438
142 63
19 304
758 303
91 706
535 685
772 33
411 219
681 233
98 45
294 642
762 4
563 205
219 29
794 548
115 722
743 492
925 895
491 183
496 719
961 907
836 447
110 842
308 790
112 447
775 582
120 922
224 72
44 355
210 119
417 567
54 780
880 515
129 507
901 781
48 245
618 723
15 915
570 358
219 892
736 66
187 731
901 926
333 204
229 395
323 970
270 711
557 189
979 663
159 481
508 197
275 284
521 532
700 320
449 529
453 853
424 817
133 855
461 330
63 234
534 632
498 209
229 253
127 109
949 70
553 933
751 974
223 353
316 581
759 339
768 312
535 866
11 579
341 40
446 339
492 609
303 302
514 955
87 583
455 35
927 603
541 190
636 252
412 502
820 491
112 31
330 938
902 640
815 161
946 272
412 660
394 955
168 166
40 219
312 544
791 920
351 897
409 394
320 123
502 279
603 807
198 124
273 331
40 106
59 454
900 752
633 813
27 868
256 473
861 837
314 760
723 796
893 596
468 385
698 610
805 782
576 74
28 558
983 583
801 959
573 303
22 411
956 153
318 802
45 26
709 51
822 370
625 876
510 254
430 783
24 299
496 856
775 840
23 551
184 976
604 446
290 178
917 23
354 993
150 430
44 101
535 661
327 982
903 473
368 781
207 907
654 592
524 302
727 273
638 980
380 956
651 726
608 135
862 796
906 122
525 980
985 547
332 142
599 72
730 777
252 85
750 460
678 601
4 696
665 610
479 862
686 776
582 937
105 655
364 797
327 427
220 793
169 793
800 906
557 758
389 772
533 983
322 297
991 209
152 920
339 534
677 322
951 871
130 519
799 819
216 122
913 180
808 414
4 131
335 371
562 661
88 52
987 928
402 817
577 496
575 581
246 197
139 573
395 919
16 320
131 913
297 441
374 697
527 535
993 465
461 539
26 8
120 867
248 152
588 35
657 346
896 702
288 771
912 739
225 184
941 162
279 479
804 110
953 684
275 920
556 511
131 732
466 213
637 747
766 472
234 73
628 409
339 398
327 805
108 419
516 856
371 993
278 639
478 80
195 207
417 217
181 352
129 205
404 449
778 242
409 621
103 639
332 803
127 428
216 764
547 768
640 110
417 59
200 437
203 982
976 214
977 163
100 86
86 897
591 760
888 876
603 134
416 236
697 77
393 817
864 746
299 345
202 996
843 868
660 822
296 481
677 405
803 806
697 303
938 963
609 361
212 300
568 60
677 358
326 348
844 281
739 53
652 676
985 149
369 584
633 651
134 998
872 741
268 300
493 400
331 404
4 502
922 785
80 660
482 792
102 465
49 731
766 568
692 955
895 156
861 796
753 691
607 296
40 34
993 396
97 183
773 582
210 878
62 663
924 259
735 756
59 383
852 432
690 55
488 739
886 31
779 759
638 336
767 180
326 570
849 623
956 453
574 290
923 564
85 981
546 585
670 780
234 173
860 105
625 820
631 823
556 370
168 563
135 113
731 244
196 97
733 774
880 710
629 981
763 487
614 11
104 704
517 762
310 872
516 963
298 672
685 820
245 845
104 879
195 56
487 768
128 495
224 600
280 218
7 857
835 104
935 445
994 987
96 514
361 734
800 640
928 437
360 151
199 390
95 817
316 674
523 404
731 297
659 180
523 485
318 227
566 389
329 650
165 276
447 893
702 69
932 162
653 575
798 568
807 826
114 719
904 107
355 203
314 761
949 937
169 115
207 463
687 977
320 225
460 53
47 118
784 592
213 858
584 834
507 629
734 468
420 132
672 485
601 385
269 105
273 366
478 289
557 543
743 495
429 867
258 77
813 765
500 136
211 87
187 950
581 242
415 54
479 157
606 863
111 615
131 647
831 894
338 65
505 592
14 848
128 911
935 908
921 70
110 320
448 688
175 839
695 12
220 428
827 864
816 235
694 204
988 937
722 253
813 210
137 689
237 512
128 92
627 136
606 876
314 379
134 38
730 643
546 663
146 592
642 589
312 280
20 201
404 360
442 235
523 210
82 638
817 497
712 281
237 802
788 214
38 989
864 948
66 394
433 917
420 661
702 263
926 601
411 890
589 696
178 675
217 959
971 354
632 686
859 534
355 55
30 531
915 427
230 870
468 863
240 214
772 119
866 374
450 769
649 196
445 121
303 15
341 440
644 73
222 750
174 792
710 318
572 443
511 121
792 875
761 374
559 175
320 124
302 188
782 842
678 58
370 974
60 118
723 942
761 231
317 897
871 350
960 606
144 57
128 734
273 475
24 927
427 729
118 855
413 755
527 675
126 354
980 293
379 834
766 338
515 435
684 737
23 945
281 18
357 775
919 475
558 425
906 694
174 438
12 309
710 676
402 395
435 902
962 737
727 419
621 860
627 247
609 320
833 884
855 479
966 988
399 373
720 450
959 365
542 159
121 783
413 89
90 198
72 66
204 322
261 133
262 870
31 726
324 571
169 638
21 517
596 947
405 678
100 2
103 905
217 874
311 944
226 744
707 395
601 908
668 982
216 430
895 726
105 961
541 502
566 589
952 209
489 500
446 735
273 123
572 503
916 987
298 478
448 495
985 184
221 758
563 151
503 568
937 78
870 604
348 422
496 697
705 299
122 335
287 285
934 572
828 23
57 635
387 331
870 958
942 27
232 894
503 975
344 182
73 18
845 756
554 739
24 618
991 586
77 385
64 379
980 313
909 835
768 633
808 261
605 212
710 358
166 884
997 666
248 119
379 735
913 529
45 142
157 163
822 462
182 41
789 255
920 322
884 179
103 683
225 522
478 964
836 62
271 749
239 25
854 694
135 306
474 394
186 262
243 331
780 564
172 779
769 269
954 771
296 995
24 196
446 191
854 296
674 130
324 543
271 48
110 8
493 128
61 317
678 403
413 351
894 904
551 89
812 651
946 661
948 123
53 281
950 537
256 565
433 190
744 992
853 194
986 805
768 400
347 741
961 97
602 373
820 428
821 917
592 323
903 999
339 674
196 889
308 623
992 648
920 802
416 583
724 311
108 172
830 959
409 321
847 344
539 27
371 445
47 288
286 552
589 945
236 671
758 828
740 799
45 959
706 923
582 110
322 912
72 995
89 907
515 163
455 844
577 622
444 419
232 745
654 538
487 383
521 947
334 470
997 702
64 758
245 327
413 989
822 315
509 116
24 356
533 607
170 80
609 287
521 877
439 926
116 825
948 479
820 703
507 218
608 209
590 33
662 498
212 555
150 710
893 48
731 157
695 382
994 873
298 816
834 670
691 827
233 797
489 683
627 461
167 22
207 997
388 833
924 947
649 380
189 427
514 966
267 725
659 183
769 523
934 335
534 885
4 768
570 892
781 760
764 400
985 421
804 815
511 657
485 655
190 958
1000 358
359 605
143 364
221 540
333 942
544 467
375 279
113 268
866 194
539 296
596 431
905 390
834 356
730 437
362 913
708 314
611 106
279 66
320 17
630 53
425 698
987 792
353 72
852 102
874 506
175 499
469 658
538 181
520 920
316 299
374 529
785 522
280 716
561 333
317 719
818 372
693 888
45 69
817 52
402 196
432 22
822 263
41 412
128 831
8 837
478 781
858 603
504 359
881 970
276 94
850 967
764 897
628 240
441 10
774 196
337 937
135 378
102 747
360 470
287 591
890 189
579 445
797 494
871 701
260 360
800 685
531 815
768 139
631 358
394 613
512 128
789 604
321 104
673 499
468 745
565 133
359 278
574 941
668 178
849 9
657 935
492 38
683 855
978 861
868 473
801 384
292 285
610 880
402 333
776 194
578 210
216 15
199 830
420 185
166 397
139 687
98 463
406 508
482 878
982 547
568 723
752 80
700 464
373 232
304 545
903 610
600 211
780 588
432 325
692 739
457 150
315 16
228 727
390 706
802 514
947 471
64 867
963 113
101 432
340 110
917 420
538 939
847 167
297 799
67 369
486 325
648 754
626 672
25 133
484 366
343 437
146 915
163 819
811 911
801 655
405 850
816 103
45 331
449 578
450 317
656 752
806 646
73 514
956 944
99 542
831 337
635 688
930 98
78 348
48 735
12 890
716 742
935 68
294 340
873 773
892 39
332 110
481 940
243 573
887 252
982 16
929 900
198 515
218 325
570 926
126 408
717 797
424 732
21 998
27 361
892 261
569 222
494 601
433 739
793 725
60 326
387 142
596 624
152 777
877 377
517 312
563 150
162 773
697 604
239 785
698 689
616 524
108 216
914 423
843 279
789 423
390 542
203 873
567 580
92 356
183 863
642 498
407 663
211 14
432 353
529 149
88 451
278 981
940 713
651 390
11 807
984 701
234 36
850 218
943 551
440 586
646 526
149 46
922 366
335 983
890 552
159 133
436 574
313 329
98 889
615 316
292 649
538 673
320 910
641 168
552 541
863 919
4 632
462 744
825 932
55 619
938 397
629 642
148 494
392 361
670 92
319 950
506 651
641 749
454 731
916 324
843 615
522 991
869 484
119 197
623 213
881 478
50 991
886 617
265 479
104 305
105 536
14 194
887 831
717 769
117 597
647 602
317 403
49 797
670 393
506 476
513 594
471 942
428 931
105 826
933 202
119 271
773 785
353 464
486 532
973 842
443 707
596 507
779 382
662 762
793 633
853 261
452 674
948 559
509 463
158 777
457 76
165 771
939 868
279 287
771 191
418 720
382 1
572 49
554 708
616 917
799 250
779 424
179 697
791 390
799 139
162 348
55 395
883 314
521 771
86 304
652 765
836 140
970 630
154 539
543 7
301 920
379 472
713 296
798 211
525 905
584 91
803 315
950 446
916 122
49 939
370 265
445 574
526 761
461 94
988 660
972 817
261 220
964 413
952 317
132 335
993 951
225 977
164 888
476 954
739 996
613 771
962 29
216 359
14 222
17 650
623 350
665 890
942 954
191 450
105 645
269 308
108 348
960 355
352 982
498 620
959 969
69 583
421 390
536 632
173 553
201 672
310 870
942 263
108 145
535 396
204 700
540 294
581 478
426 355
334 742
62 689
782 654
18 587
391 186
804 81
20 544
10 474
525 489
323 657
819 564
876 451
756 356
287 594
119 811
138 358
528 162
613 189
215 372
556 336
686 311
279 743
727 409
755 976
332 903
573 735
387 862
980 711
485 111
287 697
698 112
260 624
917 210
959 331
281 624
450 359
34 904
953 166
717 389
563 121
484 56
195 423
324 705
608 476
93 191
426 113
670 148
115 667
471 643
369 121
721 236
8 273
711 457
532 332
754 108
646 316
535 487
969 779
930 515
149 664
113 205
209 690
982 471
397 355
199 27
766 670
645 141
765 889
100 940
726 1000
285 750
587 434
606 338
917 781
40 847
260 828
246 77
378 957
195 769
554 856
717 700
41 171
62 627
283 354
800 328
715 423
753 744
330 139
904 758
317 927
381 629
801 850
16 502
552 200
571 612
572 155
222 772
391 265
283 640
972 318
457 149
365 772
866 811
137 791
435 746
150 323
233 579
328 21
594 240
442 5
225 371
263 113
750 919
115 156
210 376
869 299
479 532
533 627
376 991
379 384
665 325
354 734
618 303
101 630
655 934
103 677
785 940
492 560
422 271
756 918
618 702
323 342
108 992
218 32
418 446
60 771
498 240
337 694
90 761
433 951
425 437
218 211
330 521
860 693
717 796
898 918
829 674
133 251
83 960
916 665
146 118
812 967
820 458
783 198
363 353
807 764
791 731
619 560
731 942
607 19
383 263
865 449
100 678
174 933
925 947
952 527
410 505
745 772
122 333
104 420
54 574
404 537
46 82
728 869
413 725
909 240
736 432
989 2
543 186
228 756
615 968
757 268
608 890
236 603
758 639
24 667
940 857
875 820
396 747
606 676
183 237
280 948
873 283
780 833
638 21
141 697
794 677
832 528
137 638
638 100
31 350
215 173
533 248
183 435
81 201
488 213
198 928
125 128
396 856
976 826
632 300
690 948
910 637
124 472
935 410
504 574
663 875
928 428
929 69
74 884
989 793
976 88
575 192
137 618
105 398
844 167
682 774
28 207
939 253
708 566
361 830
846 604
282 571
838 540
279 862
860 776
830 240
834 239
765 901
203 484
243 935
411 243
801 591
565 414
120 376
278 257
259 37
246 181
107 209
490 747
889 487
986 359
545 563
770 856
848 652
23 164
83 393
945 486
892 861
442 360
948 846
788 923
954 399
206 368
482 744
585 169
306 442
275 953
404 787
947 183
25 34
67 699
183 241
576 339
831 549
817 278
785 697
271 594
171 294
499 181
427 944
380 880
452 261
521 764
851 441
836 419
877 585
660 145
368 935
755 21
779 990
247 369
712 224
659 475
540 558
518 823
933 681
788 172
829 520
260 163
498 824
998 757
89 56
857 368
341 79
131 385
169 854
193 72
929 828
262 828
143 366
221 538
422 376
190 783
670 629
490 557
953 48
130 714
717 518
151 160
554 869
991 456
114 940
944 777
407 907
264 491
680 787
893 315
279 342
571 603
850 494
633 902
248 356
243 541
126 325
698 586
571 456
454 332
206 477
312 114
205 731
996 826
638 371
140 842
513 480
755 693
257 34
774 521
921 75
408 178
50 603
380 694
110 539
624 304
868 579
922 423
394 92
400 810
383 946
719 820
927 859
452 377
537 181
314 262
458 845
590 178
355 735
466 732
530 745
547 733
949 209
238 8
345 209
405 655
526 581
673 453
602 247
695 753
679 89
369 120
422 450
151 512
649 171
214 96
881 485
973 461
332 505
428 838
412 67
969 778
271 264
630 427
423 637
270 944
104 409
782 188
397 354
130 575
536 550
151 855
710 418
888 897
731 581
644 52
776 196
8 174
887 350
763 340
702 919
457 297
420 187
813 572
335 264
62 624
729 213
622 520
681 90
80 863
729 326
268 70
948 736
878 865
50 138
415 390
791 235
597 680
965 52
417 614
533 912
440 961
383 739
810 803
858 704
49 83
763 910
456 43
572 873
150 307
903 147
617 656
119 757
836 182
456 186
898 305
777 672
484 360
820 706
781 501
896 274
219 205
647 821
685 1000
281 418
870 428
393 824
859 925
881 581
272 747
882 278
557 302
944 189
51 677
200 413
293 928
6 463
941 544
391 515
432 624
916 418
935 70
243 398
907 737
33 220
164 802
322 178
307 794
630 370
890 433
69 764
14 151
15 250
623 401
420 618
496 240
812 960
523 703
506 41
344 388
550 212
682 468
765 849
360 432
326 391
990 942
351 848
731 990
168 112
739 507
915 904
121 691
342 748
406 454
993 356
166 574
981 395
516 937
144 24
491 883
478 399
606 220
637 926
430 242
658 561
953 839
55 131
666 36
741 928
871 93
756 163
538 26
25 69
95 345
210 59
106 120
573 548
81 814
978 52
488 824
345 849
794 732
662 378
349 565
950 33
741 356
209 139
664 55
157 275
522 251
462 750
673 893
447 126
506 550
342 384
396 808
309 121
595 528
228 111
989 659
466 676
195 382
596 978
632 523
291 787
530 576
180 121
203 808
367 533
212 586
473 98
682 150
277 914
151 953
356 489
303 226
195 557
677 401
329 611
130 628
863 506
791 649
761 608
961 102
264 139
948 356
307 20
680 538
576 216
478 47
995 899
303 960
450 532
454 52
576 970
874 739
549 905
791 988
973 985
443 818
905 585
140 242
549 26
933 443
22 138
39 808
745 743
469 763
352 487
558 155
853 613
123 244
328 368
571 284
348 915
693 719
106 205
55 20
768 377
332 703
392 892
598 679
486 176
949 568
330 550
168 567
559 533
799 26
234 312
399 392
571 107
519 395
133 604
188 665
910 828
472 727
785 986
399 174
20 49
646 933
846 523
781 898
229 197
671 498
674 50
342 428
312 239
510 758
354 630
673 138
441 830
744 33
226 687
298 224
815 453
694 578
861 498
972 96
705 827
393 413
216 280
714 571
697 335
455 459
310 430
464 550
288 104
947 915
680 758
398 857
541 915
330 947
369 927
758 339
625 174
199 855
348 563
187 631
478 154
886 55
528 585
250 221
469 445
168 72
604 643
477 402
891 604
880 203
322 366
166 582
995 746
139 470
658 998
92 214
332 382
843 912
286 410
179 614
571 247
475 463
813 411
154 808
505 596
676 917
383 607
975 443
446 754
779 356
54 944
289 865
641 500
54 35
499 144
746 243
893 96
824 601
399 285
789 933
662 413
853 235
311 720
426 349
10 28
928 759
780 616
510 643
994 776
668 713
635 518
545 801
678 566
751 100
312 139
755 353
9 173
545 483
543 680
657 745
401 427
735 432
20 299
385 754
425 317
972 526
316 561
616 87
416 903
101 221
143 476
368 384
991 248
369 310
73 593
321 911
360 691
52 777
787 854
184 385
889 923
188 473
294 657
407 57
624 959
363 165
36 773
61 122
844 684
916 801
701 21
840 104
339 972
191 855
767 308
630 20
297 320
62 704
487 77
51 786
238 451
828 15
248 129
217 574
875 44
32 642
35 515
533 558
280 700
806 678
847 277
819 741
491 948
113 765
131 743
491 764
102 78
528 113
585 96
180 780
129 474
168 608
260 405
48 150
981 271
983 928
107 629
219 863
348 377
404 187
850 23
580 188
233 47
698 163
439 963
760 984
764 928
600 641
251 735
513 30
734 73
286 627
223 541
629 570
405 960
890 824
121 787
638 808
253 278
385 548
59 581
647 316
764 134
893 358
307 639
906 345
946 794
567 540
623 178
55 806
756 593
687 593
264 921
753 253
274 46
206 753
649 10
355 793
284 123
969 805
803 817
455 2
757 654
739 143
132 39
170 382
83 947
448 372
835 608
922 690
728 299
411 233
816 826
74 357
687 917
778 851
598 304
467 302
69 430
396 210
606 223
365 563
939 932
687 122
959 737
283 320
122 472
467 893
222 855
459 515
614 597
481 79
706 512
925 802
14 579
703 24
435 554
109 703
784 995
631 606
301 493
254 471
384 455
519 627
222 954
334 335
796 672
169 436
336 593
366 832
945 43
289 719
804 250
254 177
235 358
738 610
386 399
242 243
318 594
619 301
492 993
521 885
685 954
119 642
445 678
444 991
266 671
236 530
153 159
864 786
648 735
811 893
67 29
640 99
671 805
265 226
980 991
431 725
159 730
642 672
739 636
901 405
43 949
47 549
484 833
57 241
111 418
194 426
401 259
750 207
512 951
934 439
635 157
467 639
319 742
514 892
476 759
611 404
995 53
522 655
847 228
943 317
339 270
144 513
547 213
908 571
568 432
550 64
273 244
183 617
493 593
773 687
10 993
445 302
915 451
454 68
150 166
297 271
780 332
110 961
456 680
239 679
690 161
139 429
207 613
219 731
496 552
595 292
409 103
562 103
250 523
378 580
490 26
76 983
917 263
153 106
816 486
671 808
452 978
626 274
534 112
955 45
24 761
277 9
853 838
824 864
556 367
143 345
837 338
796 374
61 965
474 328
510 394
977 580
314 241
889 515
484 289
785 840
756 116
57 337
279 930
104 852
897 10
698 458
538 563
48 267
447 157
394 363
566 205
593 33
604 935
243 585
375 92
843 694
207 775
56 18
5 654
8 86
762 701
56 322
757 582
792 630
832 419
264 143
708 714
341 431
35 716
87 671
627 954
482 215
662 554
517 381
350 454
408 841
28 350
305 711
639 324
674 402
182 655
53 829
778 238
500 358
490 348
642 369
880 204
588 533
700 447
168 216
991 744
582 63
657 404
988 354
457 254
168 359
153 213
979 97
687 272
528 391
382 32
420 325
577 590
615 18
546 759
833 755
324 249
586 788
163 61
34 781
718 297
332 732
704 375
724 390
615 99
138 357
301 215
110 814
931 32
950 204
497 628
813 188
409 782
543 87
237 618
680 399
225 566
253 384
228 194
779 210
618 310
51 843
858 377
720 362
4 563
167 929
817 500
768 16
18 403
105 443
401 426
882 189
501 790
427 346
656 852
274 203
635 212
906 388
543 969
694 559
187 839
393 440
640 663
40 931
293 95
264 171
139 809
652 719
71 222
420 854
331 373
939 626
100 574
156 888
527 795
136 544
680 866
2 402
612 472
886 16
390 789
670 881
286 842
79 915
240 824
459 614
612 454
120 734
528 709
545 761
451 662
187 368
433 16
715 646
989 59
24 531
954 325
257 147
102 309
150 326
243 98
983 562
784 140
642 230
662 237
393 604
926 310
196 23
842 481
549 378
332 599
551 620
38 641
76 588
591 351
959 283
233 539
979 14
161 202
162 101
436 836
721 914
224 662
522 197
81 115
579 268
906 100
232 225
586 716
612 332
573 962
354 588
254 673
403 83
811 62
134 289
341 803
512 928
661 464
76 16
96 702
668 460
762 531
337 708
800 828
363 580
199 54
660 792
665 902
632 719
762 642
669 982
545 232
947 812
964 758
824 33
952 214
165 364
83 946
394 871
227 866
740 300
868 505
415 544
808 388
772 231
39 544
526 18
236 402
330 91
41 132
593 983
970 11
684 781
395 117
121 39
691 239
951 289
884 708
757 114
814 235
837 202
644 622
926 624
267 437
505 674
382 120
310 501
612 861
318 960
887 785
124 535
804 251
747 504
718 353
41 721
124 646
55 464
667 722
872 576
11 150
216 932
551 528
533 5
699 229
756 498
629 620
78 226
371 916
281 444
394 229
432 816
566 119
548 454
769 407
203 639
424 864
223 624
573 885
885 643
450 140
762 456
314 431
902 228
704 891
190 218
906 235
911 350
414 898
475 656
223 315
372 776
323 452
732 546
865 949
189 499
651 514
269 443
622 27
950 530
330 699
854 126
86 212
877 55
756 852
590 961
523 733
202 782
36 632
532 613
264 355
598 226
805 396
706 323
506 233
793 637
176 585
729 275
182 595
391 317
654 509
657 431
625 627
202 260
644 691
975 131
294 726
301 464
126 191
515 166
662 75
19 951
576 392
153 105
582 242
489 193
768 902
737 123
422 831
3 491
400 224
177 428
231 881
516 683
178 119
980 568
837 378
571 109
941 307
343 121
91 448
698 88
522 266
637 85
414 220
676 567
739 701
506 104
